20 0.4170751640625 0.7677696078125 0.3921568625 0.754289215625 0.383169934375 0.7549019609375 0.3635620921875 0.7478553921875 0.3611111109375 0.7549019609375 0.377042484375 0.765931371875 0.3799019609375 0.771446078125 0.4072712421875 0.7846200984375 0.4162581703125 0.78125 0.42116013125 0.7751225484375001 0.4170751640625 0.7677696078125
57 0.6380718953125 0.7640931375 0.6392973859375 0.77726715625 0.6482843140625 0.780943628125 0.6486928109375001 0.77113970625 0.642565359375 0.764399509375 0.6380718953125 0.7640931375
7 0.626225490625 0.5692401953124999 0.6274509796875 0.590992646875 0.6315359484374999 0.5971200984375 0.633986928125 0.6004901953124999 0.6364379078125 0.5974264703125 0.640931371875 0.5931372546875 0.6388888890625 0.5719975484375001 0.634395425 0.5677083328125 0.626225490625 0.5692401953124999
11 0.571895425 0.5971200984375 0.5608660125 0.5989583328125 0.5657679734375 0.6142769609375 0.5698529406249999 0.6216299015625 0.58047385625 0.629289215625 0.5861928109375001 0.6243872546875 0.580882353125 0.61488970625 0.58047385625 0.6044730390625 0.581699346875 0.6001838234375 0.571895425 0.5971200984375
7 0.5298202609375 0.0827205875 0.51797385625 0.0931372546875 0.51797385625 0.0983455875 0.516748365625 0.1026348046875 0.5204248359375 0.10539215625000001 0.527777778125 0.10447303906250001 0.5408496734375 0.0928308828125 0.5408496734375 0.0870098046875 0.536356209375 0.0830269609375 0.5298202609375 0.0827205875
38 0.5220588234375 0.1041666671875 0.5236928109375001 0.1004901953125 0.51960784375 0.0986519609375 0.51633986875 0.10294117656249999 0.5220588234375 0.1041666671875
7 0.41870915000000003 0.08976715625000001 0.421568628125 0.11550245156250001 0.426879084375 0.12653186249999998 0.43504902031250003 0.1400122546875 0.44199346406249995 0.140931371875 0.44117647031249996 0.13511029375 0.44117647031249996 0.1256127453125 0.44076797343749996 0.1197916671875 0.42973856250000003 0.0912990203125 0.41870915000000003 0.08976715625000001
57 0.428104575 0.5603553921875 0.42728758125 0.5487132359375 0.419934640625 0.551164215625 0.420751634375 0.5404411765625 0.4203431375 0.5321691171875 0.4146241828125 0.528492646875 0.39133986875 0.5505514703125 0.391748365625 0.5548406859375 0.4060457515625 0.5575980390625 0.428104575 0.5603553921875
39 0.14297385625 0.528186275 0.14174836562499998 0.5217524515624999 0.1482843140625 0.49050245156249994 0.1286764703125 0.490196078125 0.116830065625 0.48743872499999996 0.07679738593749999 0.46629902031250003 0.0473856203125 0.455882353125 0.021241829687499998 0.44454656875 0.0114379078125 0.4485294125 0.0049019609375 0.44117647031249996 0.0008169937500000001 0.4509803921875 0.0236928109375 0.4635416671875 0.042483659374999996 0.47426470624999995 0.045751634375 0.4852941171875 0.045751634375 0.5036764703125 0.044934640625 0.5134803921875 0.048202614062499996 0.5275735296875 0.053104575 0.549632353125 0.057598039062499995 0.5677083328125 0.062908496875 0.5842524515624999 0.072303921875 0.587928921875 0.081699346875 0.58976715625 0.0919117640625 0.590686275 0.1107026140625 0.5716911765625 0.11968954218750001 0.5588235296875 0.12826797343750002 0.5502450984375 0.14297385625 0.528186275
57 0.1662581703125 0.47212009843749997 0.1723856203125 0.43443627500000004 0.11601307187500001 0.440257353125 0.1662581703125 0.47212009843749997
57 0.16584967343749998 0.9552696078125 0.160539215625 0.9399509796875 0.134803921875 0.9568014703125 0.13929738593750002 0.9604779406249999 0.151960784375 0.9623161765624999 0.15931372500000002 0.9577205875000001 0.16584967343749998 0.9552696078125
57 0.6180555562500001 0.691789215625 0.6217320265625 0.66636029375 0.614379084375 0.6694240203125 0.6180555562500001 0.691789215625