20 0.7026143796875 0.44117647031249996 0.6924019609375 0.43351715625000004 0.6838235296875 0.4329044125 0.67892156875 0.437806371875 0.6544117640625 0.4825367640625 0.6576797390625 0.490196078125 0.66870915 0.49448529375000005 0.6760620921875 0.49387254843750006 0.71323529375 0.4525122546875 0.7181372546875 0.44975490156250003 0.7107843140625 0.4485294125 0.7026143796875 0.44117647031249996
20 0.5653594765625 0.3734681375 0.5739379078125 0.3740808828125 0.581699346875 0.37745097968749997 0.5870098046875001 0.3728553921875 0.580882353125 0.3602941171875 0.5649509796875 0.3544730390625 0.5755718953125 0.3455882359375 0.5040849671875 0.32261029375 0.4779411765625 0.33210784375 0.4779411765625 0.336397059375 0.483251634375 0.34375 0.4775326796875 0.3578431375 0.4705882359375 0.3670343140625 0.53676470625 0.38694852968750004 0.5559640515625001 0.3915441171875 0.5776143796875 0.38756127500000004 0.5743464046875 0.3802083328125 0.5653594765625 0.3734681375
4 0.5678104578125 0.4779411765625 0.5751633984375 0.48008578437500005 0.582516340625 0.4672181375 0.5678104578125 0.4779411765625
4 0.5212418296875 0.4678308828125 0.5294117640625 0.46476715625000004 0.5494281046875 0.450367646875 0.5216503265625 0.45067402031250003 0.5212418296875 0.4678308828125
4 0.5388071890624999 0.25551470625 0.543300653125 0.23958333281250002 0.53676470625 0.237438725 0.5245098046875001 0.2337622546875 0.519199346875 0.230085784375 0.5151143796875 0.2254901953125 0.49714052343750004 0.22916666718749998 0.4857026140625 0.2368259796875 0.490604575 0.245710784375 0.49223856250000003 0.2552083328125 0.491830065625 0.26256127500000004 0.51021241875 0.2674632359375 0.526960784375 0.2674632359375 0.542483659375 0.2634803921875 0.5388071890624999 0.25551470625
4 0.447303921875 0.099571078125 0.438725490625 0.0946691171875 0.42524509843749997 0.102022059375 0.42524509843749997 0.10814950937500001 0.4244281046875 0.1139705875 0.43341503281250005 0.1213235296875 0.43668300625 0.125306371875 0.44199346406249995 0.12898284375 0.4546568625 0.1139705875 0.446486928125 0.105085784375 0.447303921875 0.099571078125
4 0.615196078125 0.2647058828125 0.6225490203125 0.26807597968749997 0.627042484375 0.25888480468749997 0.614379084375 0.2564338234375 0.615196078125 0.2647058828125
4 0.6221405234375 0.3599877453125 0.6188725484375001 0.3670343140625 0.6274509796875 0.367647059375 0.6299019609375 0.359375 0.6221405234375 0.3599877453125
4 0.7124183000000001 0.38756127500000004 0.705065359375 0.390625 0.7013888890625 0.40226715625000004 0.7140522875 0.40012254843750006 0.7181372546875 0.3998161765625 0.7361111109375 0.40287990156250003 0.7438725484375001 0.3955269609375 0.7279411765625 0.390318628125 0.7124183000000001 0.38756127500000004
4 0.625408496875 0.4353553921875 0.625408496875 0.4197303921875 0.6139705875 0.424632353125 0.625408496875 0.4353553921875
4 0.546568628125 0.4212622546875 0.5559640515625001 0.40226715625000004 0.5477941171875 0.403492646875 0.5420751640625 0.4166666671875 0.546568628125 0.4212622546875
4 0.52900326875 0.33180147031249996 0.5486111109375 0.3360906859375 0.5486111109375 0.3296568625 0.5392156859375 0.3186274515625 0.52900326875 0.3259803921875 0.52900326875 0.33180147031249996
4 0.4705882359375 0.443321078125 0.46323529375000005 0.4454656859375 0.4579248359375 0.45067402031250003 0.48039215625000004 0.45710784374999996 0.484068628125 0.4463848046875 0.4705882359375 0.443321078125
4 0.356617646875 0.5091911765625 0.3598856203125 0.5131740203125 0.35620915000000003 0.530024509375 0.3672385625 0.5361519609375 0.3790849671875 0.515931371875 0.376225490625 0.50551470625 0.3696895421875 0.484375 0.359068628125 0.49295343125 0.356617646875 0.5091911765625
4 0.35620915000000003 0.6412377453125 0.3508986921875 0.6458333328125 0.36274509843749997 0.6501225484375001 0.3696895421875 0.6384803921875 0.35702614375 0.63511029375 0.35620915000000003 0.6412377453125
4 0.3958333328125 0.3609068625 0.3602941171875 0.365196078125 0.36274509843749997 0.369178921875 0.3860294125 0.37193627500000004 0.3991013078125 0.3743872546875 0.41053921562499995 0.38051470625 0.41830065312500003 0.37101715625 0.4227941171875 0.3615196078125 0.3958333328125 0.3609068625
4 0.44035947656249996 0.342524509375 0.44526143749999997 0.343443628125 0.44934640468750003 0.35049019531250003 0.44934640468750003 0.344056371875 0.45547385625 0.342524509375 0.455065359375 0.336397059375 0.4595588234375 0.3290441171875 0.4669117640625 0.312806371875 0.4587418296875 0.3014705875 0.437908496875 0.2984068625 0.4223856203125 0.30238970625 0.41748365937500004 0.31004902031250003 0.4162581703125 0.320772059375 0.419934640625 0.3302696078125 0.42973856250000003 0.33976715625 0.428513071875 0.3431372546875 0.438725490625 0.3501838234375 0.44035947656249996 0.342524509375
4 0.31331699375 0.3826593140625 0.31495097968749997 0.3900122546875 0.3080065359375 0.3952205875 0.31168300625 0.3998161765625 0.32475490156250003 0.3998161765625 0.3255718953125 0.3887867640625 0.31944444375000003 0.3795955875 0.31331699375 0.3826593140625
4 0.47140522812499996 0.38511029375 0.47181372499999996 0.3799019609375 0.4620098046875 0.3771446078125 0.46609477187500004 0.3912377453125 0.46323529375000005 0.40012254843750006 0.47099673124999997 0.419117646875 0.4779411765625 0.40870097968749997 0.4869281046875 0.393382353125 0.47467320312499994 0.3884803921875 0.47140522812499996 0.38511029375
4 0.38766339843750003 0.33118872499999996 0.40890522812499996 0.336397059375 0.4072712421875 0.3275122546875 0.38766339843750003 0.326899509375 0.38766339843750003 0.33118872499999996
4 0.4620098046875 0.296875 0.46160130781250003 0.29136029375 0.4546568625 0.2919730390625 0.4546568625 0.28829656875 0.4485294125 0.287071078125 0.44485294062499997 0.2821691171875 0.438725490625 0.2830882359375 0.429330065625 0.2791053921875 0.4223856203125 0.28492647031249996 0.41789215625000004 0.2950367640625 0.42892156875 0.2984068625 0.445669934375 0.2974877453125 0.45710784374999996 0.30085784375 0.4620098046875 0.296875
4 0.3688725484375 0.278492646875 0.37132352968750004 0.288602940625 0.3794934640625 0.28125 0.3794934640625 0.2766544125 0.3709150328125 0.27236519531250003 0.3688725484375 0.278492646875
4 0.36805555624999997 0.30024509843749997 0.36274509843749997 0.3020833328125 0.375 0.3146446078125 0.3799019609375 0.3075980390625 0.3815359484375 0.299632353125 0.36805555624999997 0.30024509843749997
4 0.348856209375 0.3075980390625 0.3443627453125 0.3103553921875 0.3541666671875 0.3131127453125 0.3688725484375 0.31495097968749997 0.37173202656250004 0.3118872546875 0.3688725484375 0.30851715625 0.348856209375 0.3075980390625
4 0.3529411765625 0.296568628125 0.3451797390625 0.2858455875 0.338643790625 0.2907475484375 0.3529411765625 0.296568628125
4 0.40931372499999996 0.4779411765625 0.41830065312500003 0.481617646875 0.419117646875 0.47487745156249994 0.41789215625000004 0.469975490625 0.4068627453125 0.47273284374999996 0.40931372499999996 0.4779411765625
4 0.37132352968750004 0.35079656875 0.3700980390625 0.35631127500000004 0.38357843125 0.3615196078125 0.3921568625 0.3587622546875 0.38194444375000003 0.34712009843749997 0.37826797343749996 0.349571078125 0.385620915625 0.3572303921875 0.37132352968750004 0.35079656875
4 0.1646241828125 0.48988970624999995 0.1646241828125 0.494178921875 0.169117646875 0.501225490625 0.179330065625 0.5061274515624999 0.179330065625 0.4981617640625 0.17892156875 0.49295343125 0.17279411718749998 0.48927696093749995 0.1646241828125 0.48988970624999995
4 0.3803104578125 0.33670343125 0.37785947656249996 0.332414215625 0.3692810453125 0.32506127500000004 0.37581699375 0.33670343125 0.3803104578125 0.33670343125
4 0.3807189546875 0.31954656875 0.3799019609375 0.315257353125 0.366830065625 0.3189338234375 0.3807189546875 0.31954656875
4 0.2724673203125 0.3857230390625 0.276960784375 0.3829656859375 0.2728758171875 0.376225490625 0.2716503265625 0.36825980468749997 0.266748365625 0.37101715625 0.2724673203125 0.3857230390625
4 0.349673203125 0.33517156875 0.356617646875 0.335477940625 0.3602941171875 0.339460784375 0.36274509843749997 0.330882353125 0.35580065312500003 0.328431371875 0.349673203125 0.33517156875
4 0.454248365625 0.3915441171875 0.4595588234375 0.386335784375 0.4526143796875 0.38388480468749997 0.454248365625 0.3915441171875
4 0.3799019609375 0.4142156859375 0.3905228765625 0.41237745156249994 0.3884803921875 0.407475490625 0.3827614375 0.4077818625 0.3799019609375 0.4142156859375
4 0.260620915625 0.348039215625 0.2557189546875 0.3514093140625 0.2671568625 0.3612132359375 0.260620915625 0.348039215625
4 0.22263071874999998 0.251225490625 0.221405228125 0.2579656859375 0.23284313750000002 0.2579656859375 0.241830065625 0.25245097968749997 0.23202614375000002 0.25367647031249996 0.22263071874999998 0.251225490625
4 0.1928104578125 0.1724877453125 0.20629084999999997 0.171875 0.20710784375000002 0.166053921875 0.1911764703125 0.1685049015625 0.1928104578125 0.1724877453125
4 0.6401143796875 0.3422181375 0.642565359375 0.352022059375 0.6462418296875 0.35049019531250003 0.6499183000000001 0.34773284375 0.6401143796875 0.3422181375
4 0.3639705875 0.340992646875 0.3594771234375 0.351102940625 0.365196078125 0.3529411765625 0.3672385625 0.3431372546875 0.3639705875 0.340992646875
4 0.34681372499999996 0.356617646875 0.3533496734375 0.360600490625 0.3598856203125 0.359068628125 0.3529411765625 0.35539215625 0.34681372499999996 0.356617646875
4 0.2830882359375 0.353553921875 0.287173203125 0.355085784375 0.294934640625 0.352022059375 0.29983660156249997 0.3489583328125 0.294117646875 0.3483455875 0.2830882359375 0.353553921875
4 0.27450980468749997 0.337928921875 0.2794117640625 0.3452818625 0.28472222187499996 0.3416053921875 0.27450980468749997 0.337928921875
4 0.5588235296875 0.3327205875 0.55228758125 0.3232230390625 0.5482026140625 0.33363970625 0.5547385625000001 0.336397059375 0.5588235296875 0.3327205875
4 0.5057189546874999 0.31924019531250003 0.5134803921875 0.31648284375 0.508169934375 0.3118872546875 0.5057189546874999 0.31924019531250003
4 0.5306372546875 0.6700367640625 0.52573529375 0.6868872546875 0.528594771875 0.6969975484375001 0.53676470625 0.6954656859375 0.535539215625 0.687806371875 0.5408496734375 0.6752450984375 0.5306372546875 0.6700367640625
4 0.1123366015625 0.3103553921875 0.1123366015625 0.3186274515625 0.1209150328125 0.3060661765625 0.1172385625 0.29993872499999996 0.1123366015625 0.3103553921875
4 0.2724673203125 0.15533088281250002 0.2671568625 0.15226715625 0.2565359484375 0.16176470625 0.260620915625 0.166053921875 0.2708333328125 0.1614583328125 0.2724673203125 0.15533088281250002
4 0.633986928125 0.36642156875 0.6286764703125 0.36611519531250003 0.6319444437499999 0.374693628125 0.633986928125 0.36642156875
4 0.752042484375 0.10814950937500001 0.7549019609375 0.099571078125 0.740196078125 0.0983455875 0.752042484375 0.10814950937500001
4 0.750408496875 0.0845588234375 0.7377450984375 0.094975490625 0.7524509796875 0.09773284374999999 0.750408496875 0.0845588234375
4 0.7524509796875 0.0912990203125 0.7561274515624999 0.0986519609375 0.7642973859375 0.1041666671875 0.7716503265625 0.09895833281250001 0.7642973859375 0.0912990203125 0.7553104578125 0.0827205875 0.7524509796875 0.0912990203125
4 0.7630718953125 0.0775122546875 0.768382353125 0.0814950984375 0.7716503265625 0.07261029375 0.7651143796875 0.069852940625 0.7630718953125 0.0775122546875
4 0.0322712421875 0.407475490625 0.0383986921875 0.41237745156249994 0.042483659374999996 0.4077818625 0.037173203125 0.40318627500000004 0.03676470625 0.3921568625 0.032679739062500004 0.39399509843749997 0.0322712421875 0.407475490625
6 0.9869281046875 0.2705269609375 0.9922385625000001 0.271446078125 0.9869281046875 0.25245097968749997 0.981617646875 0.25398284375 0.9869281046875 0.2705269609375