35 0.528521825 0.44874338593749996 0.5223214281249999 0.446759259375 0.5193452375 0.44940476250000005 0.313244046875 0.462632275 0.3075396828125 0.4699074078125 0.3033234125 0.48875661406250004 0.3005952375 0.51884920625 0.2983630953125 0.54332010625 0.3005952375 0.5634920640625001 0.3023313484375 0.5737433859375 0.3072916671875 0.5790343921875001 0.5200892859375 0.6329365078125 0.5257936515625 0.5667989421875 0.5292658734375 0.462632275 0.528521825 0.44874338593749996
41 0.6019345234375 0.4143518515625 0.6014384921875 0.3855820109375 0.5959821421875 0.3617724875 0.591021825 0.3508597890625 0.578869046875 0.3389550265625 0.568204365625 0.33201058125 0.5535714281249999 0.3257275125 0.5399305562500001 0.3244047625 0.5270337296875 0.3257275125 0.5141369046875 0.33399470937500003 0.5014880953125 0.34358465625 0.491071428125 0.3551587296875 0.481646825 0.3753306875 0.477678571875 0.40641534375 0.48065476250000005 0.428240740625 0.48859127031250005 0.44940476250000005 0.518601190625 0.4480820109375 0.5223214281249999 0.446428571875 0.5292658734375 0.44907407343749994 0.5290178578125 0.46494709062500006 0.53075396875 0.47883597812499995 0.5416666671875 0.47982804218749997 0.5580357140625 0.477513228125 0.5677083328125 0.47288359843750005 0.5796130953125 0.46527777812500004 0.5915178578125 0.4543650796875 0.5977182546875001 0.44477513281250003 0.6019345234375 0.4143518515625
57 0.14409722187500001 0.49603174531249994 0.14087301562500001 0.48511904687499996 0.134424603125 0.4619709 0.12103174531250001 0.46891534375 0.1302083328125 0.4894179890625 0.1299603171875 0.503306878125 0.1354166671875 0.5085978843750001 0.1418650796875 0.5049603171875 0.14409722187500001 0.49603174531249994
4 0.147321428125 0.1488095234375 0.15699404687500002 0.146494709375 0.162946428125 0.140211640625 0.146329365625 0.13988095312499998 0.147321428125 0.1488095234375
4 0.18650793593749998 0.15972222187500001 0.18427579375 0.166335978125 0.19196428593749998 0.17162698437499999 0.19097222187500001 0.1643518515625 0.18650793593749998 0.15972222187500001
4 0.3045634921875 0.15178571406250002 0.30927579375 0.1481481484375 0.3050595234375 0.14087301562500001 0.3033234125 0.147156084375 0.3045634921875 0.15178571406250002
4 0.24330357187499999 0.272156084375 0.2455357140625 0.2609126984375 0.23635912656250002 0.2708333328125 0.24330357187499999 0.272156084375
4 0.25099206406249996 0.5178571421875 0.2549603171875 0.5300925921874999 0.2616567453125 0.5291005296875 0.2638888890625 0.521825396875 0.25099206406249996 0.5178571421875
4 0.1758432546875 0.46660052968750004 0.1800595234375 0.4742063484375 0.18799603125 0.46494709062500006 0.1800595234375 0.45634920625 0.1758432546875 0.46660052968750004
4 0.1584821421875 0.471230159375 0.1550099203125 0.48511904687499996 0.1602182546875 0.4867724875 0.1626984125 0.4794973546875 0.1626984125 0.4755291 0.1584821421875 0.471230159375
4 0.008928571875000001 0.253637565625 0.014136904687499998 0.250661375 0.009920634375 0.240740740625 0.0019841265625 0.24470899531249998 0.008928571875000001 0.253637565625
4 0.38740079375 0.171296296875 0.3923611109375 0.165343915625 0.39112103125000003 0.15873015937499999 0.38392857187499996 0.16832010625 0.38740079375 0.171296296875
4 0.0915178578125 0.9126984125 0.09499007968749999 0.9176587296875001 0.099454365625 0.9153439156250001 0.103174603125 0.9077380953124999 0.09697420625 0.9080687828125 0.0915178578125 0.9126984125
4 0.20510912656250002 0.1207010578125 0.20882936562499999 0.121693121875 0.212549603125 0.116071428125 0.20808531718749998 0.11507936562500001 0.20510912656250002 0.1207010578125
4 0.22048611093749998 0.2853835984375 0.2264384921875 0.283730159375 0.2264384921875 0.2748015875 0.21949404687500002 0.28075396874999997 0.22048611093749998 0.2853835984375
4 0.2043650796875 0.056216931250000005 0.2095734125 0.049933862499999995 0.20833333281250002 0.044312168750000006 0.2021329359375 0.051256614062500004 0.2043650796875 0.056216931250000005
4 0.19965277812499999 0.0892857140625 0.2053571421875 0.0856481484375 0.203125 0.0826719578125 0.19866071406250002 0.0830026453125 0.19965277812499999 0.0892857140625