35 0.4923406859375 0.45629084999999997 0.4859068625 0.4607843140625 0.48069852968750004 0.47303921562499995 0.47886029375000005 0.48733660156249997 0.48100490156250003 0.499591503125 0.4862132359375 0.5061274515624999 0.5435049015625 0.528186275 0.5520833328125 0.5294117640625 0.562806371875 0.51879085 0.56801470625 0.5032679734375 0.5704656859375 0.490196078125 0.56954656875 0.47630718906249997 0.5649509796875 0.46486928125000004 0.559436275 0.4591503265625 0.549938725 0.46119281093750003 0.4923406859375 0.45629084999999997
57 0.5857843140625 0.5661764703125 0.5863970593750001 0.5653594765625 0.5845588234375 0.561274509375 0.5814950984375 0.5580065359375 0.575367646875 0.5571895421875 0.5689338234375 0.5559640515625001 0.5643382359375 0.5547385625000001 0.5634191171875 0.56331699375 0.5609681375 0.5649509796875 0.559742646875 0.5674019609375 0.559742646875 0.572303921875 0.562806371875 0.5763888890625 0.5643382359375 0.580882353125 0.5634191171875 0.5845588234375 0.5603553921875 0.5861928109375001 0.556678921875 0.5951797390625 0.55392156875 0.59926470625 0.552696078125 0.6041666671875 0.551164215625 0.60620915 0.5474877453125 0.60539215625 0.549938725 0.607434640625 0.55392156875 0.6107026140625 0.558210784375 0.6102941171875 0.559436275 0.6119281046875 0.5640318625 0.6119281046875 0.5677083328125 0.6111111109375 0.5677083328125 0.606617646875 0.5701593140625 0.6045751640625 0.575061275 0.6004901953124999 0.5790441171875 0.59599673125 0.5818014703125 0.5931372546875 0.5860906859375 0.589460784375 0.5891544125 0.5849673203125 0.590686275 0.5767973859375 0.58823529375 0.57883986875 0.58670343125 0.5759803921875 0.5863970593750001 0.570669934375 0.5857843140625 0.5661764703125
6 0.5484068625 0.5939542484375 0.5337009796875 0.5874183000000001 0.5318627453125 0.59150326875 0.534313725 0.5939542484375 0.5477941171875 0.598856209375 0.5484068625 0.5939542484375
6 0.528186275 0.5923202609375 0.530024509375 0.5890522875 0.5294117640625 0.5857843140625 0.5147058828125 0.5759803921875 0.5122549015625 0.579248365625 0.5134803921875 0.581699346875 0.528186275 0.5923202609375
6 0.512867646875 0.5514705875 0.51960784375 0.5759803921875 0.5238970593750001 0.5735294125 0.5165441171875 0.5514705875 0.512867646875 0.5514705875
6 0.484681371875 0.5669934640625 0.5006127453125 0.5661764703125 0.5 0.560457515625 0.4834558828125 0.560457515625 0.484681371875 0.5669934640625
6 0.5079656859375 0.534313725 0.5036764703125 0.544117646875 0.5079656859375 0.5473856203125 0.5134803921875 0.53676470625 0.5079656859375 0.534313725
6 0.46262254843750006 0.543300653125 0.478553921875 0.5514705875 0.48039215625000004 0.546568628125 0.46262254843750006 0.5359477125 0.46262254843750006 0.543300653125
6 0.49387254843750006 0.5392156859375 0.5018382359375 0.5318627453125 0.49571078437500005 0.5294117640625 0.49142156875 0.534313725 0.49387254843750006 0.5392156859375
6 0.4993872546875 0.543300653125 0.49509803906250005 0.527777778125 0.49142156875 0.527777778125 0.49571078437500005 0.543300653125 0.4993872546875 0.543300653125
6 0.4852941171875 0.526960784375 0.4889705875 0.5490196078125 0.4932598046875 0.5490196078125 0.4895833328125 0.526960784375 0.4852941171875 0.526960784375
6 0.5024509796875 0.5514705875 0.4791666671875 0.55228758125 0.4797794125 0.5571895421875 0.5018382359375 0.5563725484375001 0.5024509796875 0.5514705875
6 0.5575980390625 0.5923202609375 0.5520833328125 0.5841503265625 0.549632353125 0.5857843140625 0.5551470593750001 0.598856209375 0.5575980390625 0.5923202609375
6 0.552696078125 0.582516340625 0.5588235296875 0.5923202609375 0.561274509375 0.5857843140625 0.55392156875 0.5767973859375 0.5520833328125 0.5776143796875 0.552696078125 0.582516340625
6 0.5533088234375 0.5555555562500001 0.5520833328125 0.5669934640625 0.5557598046875001 0.5669934640625 0.5563725484375001 0.5571895421875 0.5533088234375 0.5555555562500001
6 0.6017156859375 0.8276143796875 0.609681371875 0.829248365625 0.609681371875 0.8235294124999999 0.6029411765625 0.8227124187499999 0.6017156859375 0.8276143796875
6 0.061887254687500004 0.42973856250000003 0.07107843124999999 0.43055555625 0.072303921875 0.42483660156249997 0.061274509374999994 0.42483660156249997 0.061887254687500004 0.42973856250000003