6 0.11972891562500002 0.643239625 0.12782379531250002 0.66566265 0.13271837343749998 0.6616465859375 0.12349397656250001 0.6388888890625 0.11972891562500002 0.643239625
6 0.1632153609375 0.6813922359375 0.17168674687500002 0.6686746984374999 0.171310240625 0.663319946875 0.1682981921875 0.66499330625 0.1602033125 0.6767068265625 0.1632153609375 0.6813922359375
6 0.239269578125 0.5997322625 0.22929216874999997 0.601405621875 0.2270331328125 0.607095046875 0.22816264999999997 0.6124497984375 0.23908132499999998 0.6101070953125001 0.2417168671875 0.6050870140625 0.239269578125 0.5997322625
6 0.26524849375000004 0.5876840703124999 0.2618599390625 0.5853413656249999 0.25978915625 0.591700134375 0.26487198749999996 0.5973895578125 0.27334337343750004 0.6097724234374999 0.274849396875 0.606760375 0.26957831250000003 0.5940428375 0.26524849375000004 0.5876840703124999
6 0.32379518125 0.470214190625 0.32097138593749996 0.47322623906250005 0.3200301203125 0.477242303125 0.33527861406250004 0.49899598437500003 0.33753764999999997 0.4946452484375 0.3362198796875 0.484939759375 0.32379518125 0.470214190625
35 0.3874246984375 0.543172690625 0.39137801250000004 0.542168675 0.399849396875 0.5388219546874999 0.41603915625 0.52744310625 0.41792168749999997 0.5251004015625 0.41020331250000003 0.4471218203125 0.41057981874999994 0.442771084375 0.402108434375 0.44946452499999995 0.3721762046875 0.46686747031250003 0.36596385468750003 0.4682061578125 0.3669051203125 0.47155287812499996 0.3874246984375 0.543172690625
35 0.370858434375 0.4538152609375 0.36389307187500003 0.45749665312500004 0.364081325 0.46218206093749997 0.36615210781249996 0.46285140625 0.36709337343750004 0.4672021421875 0.3734939765625 0.465863453125 0.3960843375 0.45247657343750003 0.40436747031250003 0.4471218203125 0.40832078281250006 0.443440428125 0.40737951875 0.4387550203125 0.40945030156250006 0.435742971875 0.40662650625 0.4340696125 0.3940135546875 0.44009370781249996 0.38271837343750004 0.4464524765625 0.370858434375 0.4538152609375
6 0.43185240937499997 0.5197456500000001 0.431099396875 0.5244310578125 0.43260542187500006 0.5294511375 0.44691264999999997 0.5307898265625 0.45124247031250003 0.527777778125 0.44710090312500006 0.5197456500000001 0.43185240937499997 0.5197456500000001
6 0.583772590625 0.371820615625 0.5877259031250001 0.4059571625 0.5877259031250001 0.414658634375 0.5941265062500001 0.413319946875 0.594314759375 0.40227577031250006 0.5901731921875 0.36947791093750004 0.583772590625 0.371820615625
6 0.6547439765624999 0.4377510046875 0.6479668671875001 0.422356090625 0.64646084375 0.42670682656250003 0.6430722890625 0.4471218203125 0.63554216875 0.4759036140625 0.6323418671875001 0.48460508750000003 0.6378012046875 0.492637215625 0.6483433734374999 0.462516734375 0.6547439765624999 0.4377510046875
6 0.7008659640625 0.11880856718749999 0.7219503015625001 0.1462516734375 0.7264683734374999 0.1475903609375 0.7309864453125 0.1455823296875 0.7277861453125001 0.13554216875 0.7061370484375 0.107095046875 0.7008659640625 0.11880856718749999
6 0.4465361453125 0.72121820625 0.4444653609375 0.7185408296875 0.43505271093750003 0.7262382859375001 0.4299698796875 0.72958500625 0.4303463859375 0.736278446875 0.432228915625 0.7406291828125 0.4465361453125 0.7309236953125 0.4465361453125 0.72121820625
6 0.39457831250000003 0.744310575 0.3923192765625 0.7402945109375 0.38968373437500003 0.7423025437499999 0.38290662656249996 0.7623828640625 0.384600903125 0.7690763046875 0.38704819218750003 0.7697456500000001 0.39363704843749997 0.7486613125 0.39457831250000003 0.744310575
57 0.5466867468750001 0.5234270421875 0.546875 0.5334672015625 0.552522590625 0.5619143234374999 0.5598644578124999 0.556559571875 0.55628765 0.5398259703125 0.55195783125 0.5197456500000001 0.5466867468750001 0.5234270421875
57 0.48305722968750003 0.48962516718750004 0.488516565625 0.5113788484375 0.4922816265625 0.5307898265625 0.49642319218750003 0.52744310625 0.4919051203125 0.5060240968749999 0.48738704843749997 0.48694779062500004 0.48305722968750003 0.48962516718750004
35 0.65512048125 0.3885542171875 0.6428840359375 0.406961178125 0.677146084375 0.48661311874999996 0.7185617468750001 0.462516734375 0.7196912656250001 0.44812583593750005 0.7217620484375 0.4163319953125 0.7227033125 0.39892905 0.7230798187499999 0.37884872812500003 0.7221385546875 0.3477242296875 0.698983434375 0.35174029375 0.6873117468750001 0.35441767031250004 0.6773343374999999 0.3621151265625 0.6690512046875 0.37014725625 0.65512048125 0.3885542171875
6 0.7294804218750001 0.2550200796875 0.7339984937499999 0.27643908906250003 0.7353162656250001 0.28781793906250003 0.74058735 0.3032128515625 0.745481928125 0.3256358765625 0.7533885546875 0.3403614453125 0.7571536140624999 0.3239625171875 0.7567771078125001 0.3032128515625 0.75 0.27777777812500004 0.7460466875 0.26338688125 0.7411521078125001 0.2553547515625 0.739646084375 0.24698795156250003 0.7294804218750001 0.2550200796875
58 0.889683734375 0.077643909375 0.9024849390625 0.07095046875 0.9032379515625 0.061914323437499995 0.9036144578125 0.051204818750000006 0.906061746875 0.043842034375 0.9047439765625 0.0311244984375 0.907191265625 0.011044176562499999 0.9024849390625 0.0123828640625 0.9019201812500001 0.006693440625 0.8913780125 0.0103748328125 0.8881777109375 0.0602409640625 0.889683734375 0.077643909375
57 0.6266942765625 0.38052208906249996 0.6374246984374999 0.3905622484375 0.6487198796875 0.3949129859375 0.652108434375 0.385207496875 0.64646084375 0.37148594375 0.6278237953125 0.3688085671875 0.6266942765625 0.38052208906249996
6 0.999811746875 0.32463186093749996 0.9922816265625001 0.30957162031249996 0.978727409375 0.2737617140625 0.967808734375 0.28580990625 0.990022590625 0.337349396875 0.999811746875 0.32463186093749996
57 0.9086972890625 0.3319946453125 0.9201807234375 0.326974565625 0.9256400609375 0.3075635875 0.9109563250000001 0.2965194109375 0.9013554218750001 0.32831325312500004 0.9086972890625 0.3319946453125
57 0.593185240625 0.4397590359375 0.598268071875 0.465863453125 0.5997740968749999 0.47121820625 0.6050451812500001 0.4748995984375 0.60824548125 0.46954484531249996 0.598456325 0.44143239687499997 0.593185240625 0.4397590359375
57 0.10655120468749998 0.7038152609375 0.10598644531250001 0.7275769750000001 0.109563253125 0.727911646875 0.10899849375 0.7038152609375 0.10655120468749998 0.7038152609375
57 0.9804216875 0.3410307890625 0.983810240625 0.38621151249999996 0.999058734375 0.3818607765625 0.999058734375 0.33433735000000003 0.9804216875 0.3410307890625