28 0.8026315796875 0.5615 0.7966008765625 0.55625 0.7521929828125 0.54 0.74451754375 0.54075 0.7428728062500001 0.5435 0.7357456140624999 0.54325 0.726973684375 0.54325 0.7192982453125001 0.5445 0.71491228125 0.5469999999999999 0.7072368421874999 0.54575 0.6995614031249999 0.5475 0.721491228125 0.5559999999999999 0.7346491234375 0.561 0.748903509375 0.57175 0.763706140625 0.5715 0.8004385968750001 0.5650000000000001 0.8026315796875 0.5615
6 0.7044956140624999 0.414 0.70230263125 0.42000000000000004 0.7083333328125 0.41925 0.7099780703125 0.41475 0.7044956140624999 0.414
6 0.7291666671875 0.4025 0.73355263125 0.40049999999999997 0.7258771937499999 0.39525 0.7291666671875 0.4025
6 0.752741228125 0.3105 0.7439692984375 0.3195 0.75383771875 0.31875 0.7620614031249999 0.31025 0.752741228125 0.3105
6 0.8432017546875 0.08125 0.7966008765625 0.08349999999999999 0.7955043859375001 0.0885 0.8404605265624999 0.08575 0.8432017546875 0.08125
6 0.773026315625 0.11975 0.7763157890625 0.1345 0.78508771875 0.13274999999999998 0.780153509375 0.119 0.773026315625 0.11975
6 0.78673245625 0.10925 0.7817982453125001 0.12125 0.7933114031249999 0.12250000000000001 0.7982456140624999 0.10874999999999999 0.78673245625 0.10925
6 0.798793859375 0.11025 0.789473684375 0.12375 0.804276315625 0.12325 0.804276315625 0.11074999999999999 0.798793859375 0.11025
6 0.785635965625 0.09175 0.7779605265625 0.096 0.7911184203125 0.10575000000000001 0.79605263125 0.10400000000000001 0.7938596484375 0.0985 0.785635965625 0.09175
6 0.8278508765625 0.17075 0.82730263125 0.16699999999999998 0.8009868421874999 0.16924999999999998 0.8278508765625 0.17075
6 0.8059210531250001 0.22675 0.8004385968750001 0.22925 0.7944078953125 0.23650000000000002 0.8015350874999999 0.238 0.8103070171875 0.22999999999999998 0.8059210531250001 0.22675
6 0.78673245625 0.21525 0.8048245609375 0.22125 0.80866228125 0.21825 0.7938596484375 0.21125 0.78673245625 0.21525
6 0.7702850875 0.33575 0.7598684203125 0.34199999999999997 0.7691885968750001 0.34249999999999997 0.7817982453125001 0.33575 0.7702850875 0.33575
57 0.6419956140624999 0.85625 0.6447368421874999 0.86025 0.65241228125 0.86025 0.65625 0.85725 0.6502192984375 0.857 0.6419956140624999 0.85625
57 0.80701754375 0.32675 0.8168859656249999 0.3235 0.7883771937499999 0.31925 0.7790570171875 0.32225000000000004 0.7779605265625 0.32525 0.7790570171875 0.331 0.7702850875 0.33325 0.782346490625 0.33675 0.79605263125 0.33175 0.80701754375 0.32675