4 0.6000816999999999 0.7974877453125 0.6123366015625 0.792585784375 0.6205065359375 0.78523284375 0.6213235296875 0.77420343125 0.622957515625 0.7567401953124999 0.616013071875 0.749693628125 0.6004901953124999 0.747242646875 0.5947712421875 0.765318628125 0.5874183000000001 0.7662377453125 0.580882353125 0.7702205875 0.5890522875 0.7987132359375 0.6000816999999999 0.7974877453125
4 0.43668300625 0.784007353125 0.43218954218750005 0.7775735296875 0.4219771234375 0.7794117640625 0.4203431375 0.78523284375 0.427696078125 0.7858455875 0.43341503281250005 0.7879901953124999 0.43668300625 0.784007353125
4 0.6466503265625 0.8403799015625 0.64133986875 0.83823529375 0.633986928125 0.83823529375 0.63357843125 0.8452818625 0.6364379078125 0.8498774515624999 0.64460784375 0.844975490625 0.6466503265625 0.8403799015625
4 0.3190359484375 0.6786151953124999 0.3296568625 0.6783088234375 0.3263888890625 0.662071078125 0.3190359484375 0.6786151953124999
4 0.37132352968750004 0.68351715625 0.3815359484375 0.6813725484375001 0.37173202656250004 0.673100490625 0.37132352968750004 0.68351715625
4 0.4865196078125 0.653492646875 0.4844771234375 0.6458333328125 0.47426470624999995 0.6467524515624999 0.47303921562499995 0.6528799015625 0.47589869218749997 0.6599264703125 0.4828431375 0.6587009796875 0.4865196078125 0.653492646875
4 0.518382353125 0.6176470593750001 0.51879085 0.60386029375 0.5130718953125 0.603553921875 0.5061274515624999 0.620710784375 0.508169934375 0.6338848046875001 0.5208333328125 0.6412377453125 0.5228758171875 0.622242646875 0.518382353125 0.6176470593750001
4 0.48815359531249997 0.6338848046875001 0.49264705937500003 0.6302083328125 0.48366013125 0.627757353125 0.48815359531249997 0.6338848046875001
4 0.49428104531250006 0.7454044125 0.48733660156249997 0.7426470593750001 0.48120915000000003 0.74295343125 0.47508169999999994 0.7475490203125 0.481617646875 0.7475490203125 0.491830065625 0.749693628125 0.49428104531250006 0.7454044125
4 0.5682189546874999 0.6700367640625 0.5584150328125 0.676164215625 0.571895425 0.67738970625 0.57271241875 0.6740196078125 0.5682189546874999 0.6700367640625
4 0.5657679734375 0.651960784375 0.562091503125 0.6556372546875 0.5625 0.659313725 0.571895425 0.659313725 0.5657679734375 0.651960784375
4 0.43341503281250005 0.5232843140625 0.43831699375 0.5171568625 0.436274509375 0.512867646875 0.428104575 0.512867646875 0.4227941171875 0.5107230390625 0.41789215625000004 0.515625 0.426879084375 0.52420343125 0.43341503281250005 0.5232843140625
4 0.42606209218749996 0.5631127453125 0.4203431375 0.5689338234375 0.428104575 0.5762867640625 0.43178104531250006 0.57414215625 0.42606209218749996 0.5631127453125
4 0.48039215625000004 0.5088848046875001 0.47426470624999995 0.4990808828125 0.4607843140625 0.5064338234375 0.4546568625 0.512561275 0.4591503265625 0.5165441171875 0.47303921562499995 0.5174632359375 0.48039215625000004 0.5088848046875001
4 0.421568628125 0.23774509843749997 0.4166666671875 0.23805147031249999 0.41094771249999995 0.245710784375 0.4064542484375 0.248774509375 0.40931372499999996 0.261335784375 0.40890522812499996 0.26807597968749997 0.420751634375 0.2665441171875 0.43178104531250006 0.27450980468749997 0.42973856250000003 0.27879902031250003 0.41870915000000003 0.2892156859375 0.4244281046875 0.2959558828125 0.43504902031250003 0.2962622546875 0.4375 0.30085784375 0.44362745156249994 0.311274509375 0.4779411765625 0.2953431375 0.4767156859375 0.28462009843749997 0.48120915000000003 0.27236519531250003 0.48120915000000003 0.26011029375 0.49223856250000003 0.25704656875 0.49673202656250004 0.251225490625 0.49142156875 0.24448529375 0.49428104531250006 0.2368259796875 0.49346405156250006 0.2267156859375 0.49509803906250005 0.2110906859375 0.4852941171875 0.2126225484375 0.4587418296875 0.22457107812500002 0.4517973859375 0.22273284375000002 0.43423202656250004 0.24785539218750002 0.41952614375 0.2591911765625 0.420751634375 0.2552083328125 0.43341503281250005 0.24601715624999998 0.421568628125 0.23774509843749997
4 0.598856209375 0.32506127500000004 0.6094771234375 0.3296568625 0.6184640515625001 0.319852940625 0.626225490625 0.31495097968749997 0.6311274515624999 0.312806371875 0.6290849671875 0.31801470625 0.6323529406249999 0.322303921875 0.634803921875 0.32475490156250003 0.6315359484374999 0.330882353125 0.6368464046875 0.3376225484375 0.6580882359375 0.33670343125 0.6576797390625 0.32414215625 0.6609477125 0.3177083328125 0.6732026140625 0.3146446078125 0.6801470593750001 0.3118872546875 0.6830065359375 0.2962622546875 0.6805555562500001 0.2889093140625 0.6740196078125 0.27879902031250003 0.6638071890624999 0.2732843140625 0.6458333328125 0.2705269609375 0.633986928125 0.26225490156250003 0.6372549015625 0.2515318625 0.644199346875 0.2506127453125 0.627042484375 0.24908088281250002 0.6139705875 0.252757353125 0.60702614375 0.258272059375 0.6107026140625 0.265318628125 0.6196895421875 0.27879902031250003 0.6315359484374999 0.2876838234375 0.64133986875 0.2962622546875 0.633986928125 0.304227940625 0.6115196078125 0.2977941171875 0.596813725 0.298100490625 0.58210784375 0.30085784375 0.58047385625 0.3079044125 0.581699346875 0.3189338234375 0.590277778125 0.3216911765625 0.598856209375 0.32506127500000004
4 0.4129901953125 0.21875 0.420751634375 0.2279411765625 0.43464052343750004 0.22916666718749998 0.43504902031250003 0.22150735312499997 0.427696078125 0.21875 0.43014705937500003 0.2138480390625 0.4203431375 0.2095588234375 0.41380718906249997 0.21476715624999998 0.4064542484375 0.221813725 0.4150326796875 0.2251838234375 0.41053921562499995 0.2212009796875 0.4129901953125 0.21875
4 0.4579248359375 0.2120098046875 0.45016339843750003 0.2080269609375 0.42892156875 0.217524509375 0.446486928125 0.2248774515625 0.455065359375 0.21966911718749998 0.4579248359375 0.2120098046875
4 0.51797385625 0.369178921875 0.5114379078125 0.3704044125 0.5134803921875 0.377757353125 0.526143790625 0.375 0.51797385625 0.369178921875
4 0.57883986875 0.366727940625 0.5747549015625 0.38051470625 0.5829248359375 0.37837009843749997 0.589460784375 0.3740808828125 0.57883986875 0.366727940625
4 0.3280228765625 0.4041053921875 0.3243464046875 0.4108455875 0.330065359375 0.416053921875 0.3345588234375 0.41237745156249994 0.3280228765625 0.4041053921875
4 0.562091503125 0.0646446078125 0.553513071875 0.0591299015625 0.5392156859375 0.052696078125000004 0.5392156859375 0.0649509796875 0.5469771234375 0.0790441171875 0.5571895421875 0.0713848046875 0.562091503125 0.0646446078125
4 0.5845588234375 0.5600490203125 0.5796568625 0.5606617640625 0.5796568625 0.5677083328125 0.5845588234375 0.5713848046875001 0.5849673203125 0.5670955875 0.5845588234375 0.5600490203125
4 0.3901143796875 0.917585784375 0.3888888890625 0.9252450984375 0.3962418296875 0.9310661765624999 0.3986928109375 0.9212622546875 0.3901143796875 0.917585784375
4 0.5044934640625 0.6314338234375 0.5 0.6357230390625 0.499591503125 0.643688725 0.51021241875 0.63357843125 0.5044934640625 0.6314338234375
57 0.1209150328125 0.6838235296875 0.1209150328125 0.6783088234375 0.1205065359375 0.6743259796875 0.1172385625 0.6697303921875 0.106617646875 0.6700367640625 0.099673203125 0.673100490625 0.0935457515625 0.6752450984375 0.09640522812499999 0.6813725484375001 0.10212418281249999 0.684436275 0.11356209218749999 0.6875 0.1209150328125 0.6838235296875
6 0.6307189546874999 0.4227941171875 0.62418300625 0.4237132359375 0.6200980390625 0.4368872546875 0.6200980390625 0.44148284374999996 0.625408496875 0.44148284374999996 0.6307189546874999 0.4227941171875
4 0.13521241875 0.7977941171875 0.12295751562499999 0.7904411765625 0.12704248437500001 0.799632353125 0.13929738593750002 0.8075980390625 0.13929738593750002 0.8042279406249999 0.13521241875 0.7977941171875