12 0.43504902031250003 0.5297181375 0.44362745156249994 0.53125 0.448120915625 0.5321691171875 0.4513888890625 0.534313725 0.45547385625 0.5346200984375 0.46241830000000006 0.5346200984375 0.46650326875000003 0.5337009796875 0.4697712421875 0.5321691171875 0.47303921562499995 0.5291053921875 0.47630718906249997 0.528186275 0.4779411765625 0.5251225484375001 0.48039215625000004 0.5205269609375 0.4857026140625 0.5088848046875001 0.4889705875 0.499693628125 0.48978758125 0.4984681375 0.491830065625 0.49387254843750006 0.49468954218750005 0.485600490625 0.49591503281250005 0.48100490156250003 0.49632352968750004 0.4767156859375 0.49632352968750004 0.47242647031249996 0.49509803906250005 0.467524509375 0.49509803906250005 0.46568627500000004 0.490604575 0.46507352968750004 0.48978758125 0.4641544125 0.491830065625 0.4635416671875 0.49387254843750006 0.4623161765625 0.49468954218750005 0.46047794062499997 0.49346405156250006 0.45741421562499995 0.49142156875 0.4552696078125 0.48978758125 0.453125 0.48774509843749997 0.4515931375 0.484068628125 0.4512867640625 0.481617646875 0.4515931375 0.4771241828125 0.45006127500000004 0.47263071874999996 0.44914215625000004 0.4693627453125 0.45006127500000004 0.4673202609375 0.451899509375 0.46609477187500004 0.451899509375 0.46282679687500006 0.453431371875 0.46323529375000005 0.454350490625 0.4603758171875 0.455882353125 0.46160130781250003 0.46047794062499997 0.4546568625 0.45925245156249994 0.44526143749999997 0.455882353125 0.43831699375 0.4537377453125 0.437091503125 0.455882353125 0.43423202656250004 0.45925245156249994 0.428513071875 0.4666053921875 0.4227941171875 0.4751838234375 0.419117646875 0.4825367640625 0.4158496734375 0.49050245156249994 0.41176470624999995 0.5015318625 0.41013071874999996 0.5073529406249999 0.4080882359375 0.5122549015625 0.4076797390625 0.5165441171875 0.4068627453125 0.5205269609375 0.41135620937499995 0.52267156875 0.4150326796875 0.52420343125 0.41830065312500003 0.525428921875 0.421568628125 0.5266544125 0.42524509843749997 0.5275735296875 0.42728758125 0.5275735296875 0.428104575 0.5278799015625 0.43096405156250006 0.528492646875 0.43504902031250003 0.5297181375
45 0.48774509843749997 0.4515931375 0.4848856203125 0.4512867640625 0.4828431375 0.4515931375 0.48120915000000003 0.4522058828125 0.4795751640625 0.4540441171875 0.4791666671875 0.455882353125 0.48039215625000004 0.45802696093749995 0.482434640625 0.46047794062499997 0.484068628125 0.462928921875 0.4861111109375 0.4641544125 0.4889705875 0.4641544125 0.490604575 0.46384803906250005 0.49264705937500003 0.46323529375000005 0.49387254843750006 0.4623161765625 0.49468954218750005 0.4607843140625 0.49428104531250006 0.45925245156249994 0.49264705937500003 0.45649509843749997 0.491013071875 0.454350490625 0.489379084375 0.452818628125 0.48774509843749997 0.4515931375
57 0.2438725484375 0.49693627500000004 0.241830065625 0.49295343125 0.23978758125000002 0.4859068625 0.23937908437500002 0.47886029375000005 0.23937908437500002 0.47426470624999995 0.23733660156249997 0.46875 0.23611111093749998 0.468443628125 0.2348856203125 0.469056371875 0.2275326796875 0.465992646875 0.22834967343749998 0.47212009843749997 0.2279411765625 0.4822303921875 0.2279411765625 0.4908088234375 0.2271241828125 0.498774509375 0.2254901953125 0.50551470625 0.2234477125 0.511335784375 0.221405228125 0.515931371875 0.2250817 0.518688725 0.22875817031249998 0.5217524515624999 0.234068628125 0.5251225484375001 0.23733660156249997 0.52726715625 0.23856209218750002 0.5294117640625 0.24632352968750001 0.5287990203125 0.2438725484375 0.5245098046875001 0.2471405234375 0.5217524515624999 0.2471405234375 0.518382353125 0.2471405234375 0.5150122546875 0.248774509375 0.5119485296875 0.2475490203125 0.5076593140625 0.2446895421875 0.5021446078125 0.2459150328125 0.4993872546875 0.2438725484375 0.49693627500000004
6 0.9142156859374999 0.140318628125 0.9223856203125 0.12009803906250001 0.9125816999999999 0.11887254843749999 0.9044117640625 0.13909313750000002 0.9142156859374999 0.140318628125
6 0.8529411765624999 0.6415441171875 0.848856209375 0.653186275 0.85539215625 0.6544117640625 0.85866013125 0.6415441171875 0.8529411765624999 0.6415441171875
6 0.830882353125 0.575367646875 0.8357843140625001 0.58517156875 0.8423202609375 0.5845588234375 0.83823529375 0.5747549015625 0.830882353125 0.575367646875
6 0.84150326875 0.8486519609375 0.85702614375 0.848039215625 0.85702614375 0.8455882359375 0.84150326875 0.8462009796875 0.84150326875 0.8486519609375
6 0.8235294124999999 0.8272058828125 0.8251633984375 0.8363970593750001 0.830065359375 0.8357843140625001 0.828431371875 0.827818628125 0.8235294124999999 0.8272058828125
6 0.8357843140625001 0.8143382359375 0.846405228125 0.813725490625 0.8455882359375 0.8100490203125 0.83823529375 0.8100490203125 0.8357843140625001 0.8143382359375
6 0.812908496875 0.77267156875 0.811274509375 0.7818627453125 0.8169934640625 0.7830882359375 0.8186274515624999 0.7732843140625 0.812908496875 0.77267156875
6 0.8807189546874999 0.691789215625 0.8692810453125001 0.697303921875 0.8700980390625 0.6997549015625 0.8717320265625 0.69914215625 0.8831699343749999 0.6948529406249999 0.8807189546874999 0.691789215625
6 0.7254901953124999 0.78676470625 0.7442810453125001 0.7830882359375 0.7426470593750001 0.780024509375 0.7246732031249999 0.784313725 0.7254901953124999 0.78676470625
6 0.739379084375 0.8541666671874999 0.7540849671875 0.8584558828125 0.7549019609375 0.85539215625 0.741830065625 0.8517156859374999 0.739379084375 0.8541666671874999
6 0.6838235296875 0.8713235296875 0.6723856203125 0.8756127453125 0.6748366015625 0.8774509796875 0.6846405234375 0.8743872546875 0.6838235296875 0.8713235296875
6 0.6282679734375 0.9001225484375001 0.6127450984375 0.9001225484375001 0.6102941171875 0.901960784375 0.6119281046875 0.903186275 0.6282679734375 0.9025735296875 0.6282679734375 0.9001225484375001
6 0.6625816999999999 0.922181371875 0.6732026140625 0.9209558828125 0.6723856203125 0.919117646875 0.6625816999999999 0.919117646875 0.6625816999999999 0.922181371875
6 0.6307189546874999 0.9540441171875 0.64133986875 0.950367646875 0.6388888890625 0.9485294124999999 0.6282679734375 0.9515931375 0.6307189546874999 0.9540441171875
6 0.6274509796875 0.9111519609375 0.614379084375 0.907475490625 0.6127450984375 0.910539215625 0.6233660125 0.9129901953124999 0.6266339875 0.9136029406249999 0.6274509796875 0.9111519609375
6 0.6315359484374999 0.9393382359375 0.64133986875 0.934436275 0.6372549015625 0.9325980390625 0.6274509796875 0.9356617640625 0.6315359484374999 0.9393382359375
6 0.6200980390625 0.952818628125 0.62581699375 0.9497549015625 0.6200980390625 0.9479166671874999 0.614379084375 0.9515931375 0.6200980390625 0.952818628125
6 0.5057189546874999 0.844975490625 0.5032679734375 0.8455882359375 0.508169934375 0.85539215625 0.5130718953125 0.8547794124999999 0.509803921875 0.846813725 0.5057189546874999 0.844975490625
6 0.53349673125 0.8756127453125 0.5220588234375 0.8713235296875 0.51960784375 0.873774509375 0.5294117640625 0.878063725 0.53349673125 0.878063725 0.53349673125 0.8756127453125
6 0.51797385625 0.8952205875000001 0.5294117640625 0.8982843140625001 0.5310457515625 0.8958333328125001 0.5220588234375 0.8921568625 0.51797385625 0.8952205875000001
6 0.4599673203125 0.8658088234375001 0.453431371875 0.859681371875 0.4485294125 0.8609068625 0.45669934687499997 0.8682598046875001 0.4599673203125 0.8676470593750001 0.4599673203125 0.8658088234375001
6 0.39460784375 0.7990196078125 0.38725490156250003 0.80698529375 0.3880718953125 0.808210784375 0.3921568625 0.80698529375 0.3986928109375 0.8002450984375 0.39460784375 0.7990196078125
6 0.3447712421875 0.43198529375000005 0.3333333328125 0.44607843125 0.332516340625 0.44975490156250003 0.3390522875 0.450367646875 0.35049019531250003 0.43382352968750004 0.3447712421875 0.43198529375000005
6 0.2124183 0.4822303921875 0.2181372546875 0.49571078437500005 0.2254901953125 0.49571078437500005 0.221405228125 0.4822303921875 0.2124183 0.4822303921875
6 0.4158496734375 0.44178921562499995 0.43218954218750005 0.4375 0.428104575 0.43014705937500003 0.41258169999999994 0.4381127453125 0.4158496734375 0.44178921562499995
6 0.30555555624999997 0.481617646875 0.313725490625 0.4754901953125 0.314542484375 0.4693627453125 0.310457515625 0.4693627453125 0.3014705875 0.4797794125 0.30555555624999997 0.481617646875
6 0.30555555624999997 0.427696078125 0.314542484375 0.4240196078125 0.311274509375 0.4203431375 0.303104575 0.424632353125 0.30555555624999997 0.427696078125
6 0.4264705875 0.8700980390625 0.42565359531249997 0.8786764703125 0.42973856250000003 0.8786764703125 0.42973856250000003 0.8700980390625 0.4264705875 0.8700980390625
6 0.43382352968750004 0.859681371875 0.4240196078125 0.86335784375 0.4264705875 0.8658088234375001 0.436274509375 0.8627450984375 0.43382352968750004 0.859681371875
6 0.5147058828125 0.8700980390625 0.509803921875 0.8658088234375001 0.5057189546874999 0.8658088234375001 0.5122549015625 0.8731617640625 0.5147058828125 0.8731617640625 0.5147058828125 0.8700980390625
6 0.9583333328125001 0.74448529375 0.973039215625 0.7432598046875001 0.972222221875 0.7395833328125 0.957516340625 0.7408088234375 0.9583333328125001 0.74448529375
6 0.848856209375 0.5625 0.8390522875 0.575367646875 0.8455882359375 0.577818628125 0.8529411765624999 0.565563725 0.848856209375 0.5625
6 0.89297385625 0.79289215625 0.8880718953125 0.7990196078125 0.89133986875 0.7990196078125 0.8954248359375001 0.794117646875 0.89297385625 0.79289215625
6 0.7973856203125 0.73835784375 0.8080065359375 0.740196078125 0.8080065359375 0.73835784375 0.7982026140625 0.7359068625 0.7973856203125 0.73835784375