42 0.22427884687500002 0.3958333328125 0.25 0.525 0.25432692343749996 0.516025640625 0.2298076921875 0.39391025625 0.225721153125 0.39326923125 0.22427884687500002 0.3958333328125
42 0.12307692343750001 0.5314102562499999 0.11923076875000001 0.5201923078124999 0.1228365390625 0.5108974359375 0.12139423125 0.46858974375000007 0.116346153125 0.46955128281249997 0.1206730765625 0.5923076921875 0.124759615625 0.5939102562499999 0.12307692343750001 0.5314102562499999
42 0.1389423078125 0.6 0.09951923124999999 0.5852564109375 0.057211539062500004 0.5737179484375 0.056490384375 0.5798076921875001 0.09807692343749999 0.5923076921875 0.20360576875 0.628846153125 0.20240384687500002 0.6217948718749999 0.1389423078125 0.6
42 0.46201923125000005 0.2445512828125 0.46514423125000004 0.2448717953125 0.597115384375 0.26891025625 0.6245192312500001 0.2858974359375 0.628125 0.28397435937500004 0.628365384375 0.2801282046875 0.597596153125 0.2625 0.5822115390625 0.25993589687499996 0.5673076921875 0.2576923078125 0.521634615625 0.24903846093749998 0.49206730781249997 0.24391025625 0.462740384375 0.23878205156250001 0.46201923125000005 0.2445512828125
42 0.44038461562500003 0.5865384609375 0.365625 0.640705128125 0.356971153125 0.6455128203125 0.3228365390625 0.641346153125 0.32139423125 0.6503205125 0.3584134609375 0.6544871796875 0.365865384375 0.6496794875 0.4459134609375 0.5916666671875 0.44038461562500003 0.5865384609375
42 0.2889423078125 0.8285256406249999 0.3173076921875 0.809615384375 0.33173076875 0.8 0.31947115312499996 0.8003205124999999 0.306971153125 0.8092948718749999 0.275721153125 0.8278846156249999 0.25673076875 0.8403846156249999 0.22163461562500003 0.8621794875000001 0.22067307656250001 0.8679487171875 0.2237980765625 0.8701923078125 0.2552884609375 0.849358975 0.2889423078125 0.8285256406249999
42 0.7747596156250001 0.6253205125 0.777403846875 0.6282051281250001 0.780528846875 0.627884615625 0.7831730765625 0.624358975 0.775240384375 0.5891025640625001 0.7603365390625 0.527564103125 0.7586538468749999 0.515705128125 0.7516826921875001 0.5105769234374999 0.7512019234375 0.51858974375 0.7747596156250001 0.6253205125
42 0.622596153125 0.5423076921875001 0.6199519234374999 0.5352564109375 0.5923076921875 0.5538461531250001 0.5233173078125 0.5983974359374999 0.5228365390625 0.603205128125 0.5264423078125 0.6076923078124999 0.6050480765625 0.5548076921875 0.622596153125 0.5423076921875001
42 0.30048076875 0.784294871875 0.24254807656250002 0.7865384609375 0.24182692343749998 0.7929487171875 0.3019230765625 0.7903846156250001 0.30048076875 0.784294871875
42 0.4802884609375 0.7929487171875 0.5237980765625 0.850641025 0.5269230765625 0.849358975 0.5271634609375 0.8445512828125 0.487740384375 0.7923076921875001 0.4802884609375 0.7929487171875
42 0.6389423078124999 0.9304487171875 0.650240384375 0.8958333328125001 0.6572115390625 0.8730769234375 0.6620192312500001 0.853846153125 0.653125 0.8698717953124999 0.6391826921875 0.9115384609375001 0.628846153125 0.9445512828125 0.6331730765625 0.9496794875000001 0.6389423078124999 0.9304487171875
42 0.5144230765625 0.6400641031250001 0.51826923125 0.6391025640625 0.528846153125 0.6230769234375 0.531971153125 0.6147435890625 0.5365384609375 0.5698717953125 0.5331730765625 0.5615384609375 0.5264423078125 0.6144230765625001 0.513221153125 0.6352564109375 0.5144230765625 0.6400641031250001
42 0.8290865390625 0.6397435890625001 0.7677884609375 0.6394230765625 0.7673076921875001 0.646474359375 0.8293269234375 0.646153846875 0.8290865390625 0.6397435890625001
42 0.6709134609375 0.640705128125 0.656009615625 0.6394230765625 0.6576923078125 0.6458333328125 0.6737980765625 0.646794871875 0.6709134609375 0.640705128125
42 0.8783653843750001 0.64358974375 0.8728365390624999 0.6378205125 0.7956730765625 0.728525640625 0.8 0.733974359375 0.8783653843750001 0.64358974375
42 0.808653846875 0.6147435890625 0.8105769234375 0.621474359375 0.8129807687499999 0.621153846875 0.8692307687499999 0.5894230765625 0.8651442312500001 0.5830128203125 0.8391826921875 0.597435896875 0.808653846875 0.6147435890625
42 0.643427378125 0.9428728078124999 0.6434003500000001 0.9418123546875 0.64423076875 0.9416666671874999 0.644471153125 0.940064103125 0.6451704546875 0.9396124703125001 0.6447115390625 0.9384615390625 0.6449519234375 0.936858975 0.64605550625 0.9385125296875 0.6504807687499999 0.9330128203125 0.6670673078125 0.908974359375 0.661778846875 0.90608974375 0.6459134609375 0.9304487171875 0.6456730765625001 0.9320512828125 0.6450950093750001 0.9316620875 0.6205414375 0.9680631875 0.6212740390625 0.9693108968749999 0.6197229859375 0.96927655625 0.6203889859375 0.9704108390625 0.6189045328125 0.9704899265625 0.6195039343750001 0.9715107812499999 0.61808608125 0.9717032968750001 0.61861888125 0.9726107234375 0.617267628125 0.9729166671874999 0.617733828125 0.9737106640625001 0.616449175 0.9741300359375 0.6168487765624999 0.9748106062499999 0.6156307234375 0.97534340625 0.6159637234375 0.9759105484375 0.614812271875 0.9765567765625001 0.615078671875 0.9770104890625 0.61399381875 0.977770146875 0.61419361875 0.97811043125 0.613175365625 0.978983515625 0.6133085656249999 0.9792103734375001 0.6115384609375 0.98141025625 0.6137019234375 0.9875 0.640213815625 0.9476973687499999 0.639860140625 0.9462121218749999 0.64101720625 0.946491228125 0.6407451921875 0.9451121796875 0.6418205968749999 0.9452850875 0.6416302453125 0.9440122375 0.6426239875 0.9440789468749999 0.642515296875 0.9429122968750001 0.643427378125 0.9428728078124999
42 0.584375 0.8519230765625 0.5802884609375 0.8900641031250001 0.5846153843749999 0.89326923125 0.5884615390625 0.85576923125 0.5875 0.8503205125 0.584375 0.8519230765625
42 0.6548076921875 0.8823717953125 0.6480769234375 0.902564103125 0.6415865390625 0.9737179484375 0.646153846875 0.974358975 0.6548076921875 0.8823717953125
42 0.6567307687499999 0.8637820515625 0.6574519234375 0.8576923078125 0.653125 0.85673076875 0.6519230765625 0.872435896875 0.6567307687499999 0.8637820515625
42 0.5762019234375 0.590705128125 0.5644230765625 0.597435896875 0.5634615390625 0.6041666671875 0.5923076921875 0.5891025640625001 0.5762019234375 0.590705128125
42 0.303125 0.8012820515625 0.28485576875 0.8080128203125 0.28413461562500003 0.8137820515625 0.3048076921875 0.8070512828125 0.303125 0.8012820515625
42 0.4396634609375 0.6862179484375 0.4396634609375 0.6772435890625 0.43701923125000003 0.6580128203125 0.43798076874999997 0.6487179484375 0.440865384375 0.6352564109375 0.44110576874999996 0.6282051281250001 0.4365384609375 0.6259615390625 0.43701923125000003 0.684935896875 0.4396634609375 0.6862179484375
42 0.775721153125 0.8605769234375 0.75889423125 0.8653846156249999 0.7603365390625 0.8730769234375 0.7769230765625 0.8669871796875 0.775721153125 0.8605769234375
39 0.227403846875 0.8012820515625 0.24038461562500002 0.8070512828125 0.25985576875 0.802564103125 0.27235576875 0.7923076921875001 0.24182692343749998 0.7926282046875001 0.243028846875 0.7852564109375 0.27548076875 0.783653846875 0.28076923125 0.7625 0.253365384375 0.765384615625 0.243509615625 0.7666666671875 0.22860576875 0.7669871796875001 0.196634615625 0.7705128203125 0.1983173078125 0.778846153125 0.20384615312499998 0.7817307687499999 0.2139423078125 0.7923076921875001 0.21730769218749998 0.7974358968749999 0.227403846875 0.8012820515625
39 0.4425480765625 0.738141025 0.4384615390625 0.7394230765625001 0.4329326921875 0.7419871796875 0.42956730781249997 0.7442307687499999 0.428125 0.747435896875 0.425240384375 0.7480769234375 0.425240384375 0.752564103125 0.42163461562500004 0.753525640625 0.42980769218750003 0.7676282046875 0.43990384687499995 0.778205128125 0.44951923125000004 0.784294871875 0.4615384609375 0.788141025 0.47235576874999996 0.786858975 0.47115384687499995 0.790064103125 0.47451923125000006 0.79326923125 0.477403846875 0.7926282046875001 0.48822115312500003 0.7923076921875001 0.4925480765625 0.7897435890625 0.4947115390625 0.7826923078125 0.4918269234375 0.7785256406250001 0.500721153125 0.7705128203125 0.496875 0.7586538468749999 0.503846153125 0.746474359375 0.510096153125 0.7355769234375 0.509615384375 0.724358975 0.5019230765625 0.727564103125 0.49639423125000004 0.727564103125 0.4858173078125 0.728205128125 0.4728365390625 0.7304487171875 0.4615384609375 0.73108974375 0.45360576874999997 0.7294871796875 0.446634615625 0.7262820515625 0.4459134609375 0.73141025625 0.4425480765625 0.738141025
13 0.38385989062500003 0.80636446875 0.384375 0.8064102562500001 0.3850575203125 0.8060382328125 0.3859375 0.8065705124999999 0.3862551515625 0.805711996875 0.3875 0.8067307687499999 0.38745278125 0.8053857593749999 0.3886504125 0.8050595234375001 0.3888621796875 0.8038461531250001 0.3898480421875 0.8047332875000001 0.39823145625 0.802449634375 0.3983173078125 0.808653846875 0.3995342546875 0.8082732375000001 0.39954594062500004 0.8086894593749999 0.400774571875 0.8087250718749999 0.4007512015625 0.8078926281250001 0.4019681484375 0.80751201875 0.40200320468750006 0.808760684375 0.4204326921875 0.8092948718749999 0.43485576875 0.8073717953124999 0.44134615312500003 0.790705128125 0.44014852343750005 0.7910313640625 0.44019765 0.791417378125 0.43904914531249994 0.7921296296875 0.43895089218749994 0.7913576 0.43775326249999996 0.7916838375 0.437900640625 0.7928418796875001 0.43675213749999997 0.79355413125 0.43655563124999996 0.7920100734375 0.3994290859375 0.802123396875 0.3915865390625 0.7980769234375 0.39090544843749997 0.79951923125 0.3903044875 0.797222221875 0.38774038437499997 0.7955128203124999 0.38701923125 0.7897435890625 0.39110576875 0.7830128203125 0.40048076874999994 0.7798076921875 0.40576923125000003 0.775641025 0.40336538437499997 0.766346153125 0.403125 0.7608974359375 0.40793269218750006 0.7548076921875 0.40697115312500004 0.756025640625 0.4067157453125 0.75484775625 0.3884615390625 0.7554487171875001 0.378846153125 0.79423076875 0.374278846875 0.8089743593750001 0.3754764765625 0.8086481234375 0.3756730765625 0.8090384609375001 0.3766741078125 0.8083218859375 0.37706730781250003 0.8091025640625 0.37787173749999997 0.80799565 0.3784615390625 0.8091666671875 0.38125 0.8092948718749999 0.38229166718749996 0.8083333328125001 0.3814646296875 0.8070169406250001 0.382662259375 0.8066907046875 0.38333333281250004 0.8073717953124999 0.38385989062500003 0.80636446875
39 0.3009615390625 0.778205128125 0.3050480765625 0.7605769234374999 0.2860576921875 0.7634615390625 0.3009615390625 0.778205128125
39 0.34831730781250003 0.6326923078125 0.3415865390625 0.6333333328124999 0.3240384609375 0.6320512828125 0.31274038437499996 0.636858975 0.3019230765625 0.6391025640625 0.299278846875 0.641346153125 0.29254807656250004 0.6458333328125 0.28822115312499996 0.6451923078124999 0.280528846875 0.6471153843749999 0.277403846875 0.6512820515625 0.27235576875 0.659615384375 0.30625 0.6554487171875001 0.3334134609375 0.6516025640625001 0.32115384687500004 0.6503205125 0.3228365390625 0.641025640625 0.3572115390625 0.6455128203125 0.365865384375 0.6397435890625001 0.3670673078125 0.628525640625 0.3509615390625 0.6301282046875001 0.34831730781250003 0.6326923078125
33 0.971875 0.8304487171874999 0.97139423125 0.8403846156249999 0.9625 0.8487179484375 0.96875 0.8634615390624999 0.975 0.85576923125 0.981490384375 0.847435896875 0.9891826921875 0.8432692312500001 0.9997596156249999 0.8432692312500001 0.9995192312500001 0.8352564109375 0.9942307687499999 0.8298076921875 0.984375 0.8275641031250001 0.980528846875 0.8304487171874999 0.971875 0.8304487171874999
57 0.9774038468749999 0.8019230765625001 0.9701923078125001 0.809615384375 0.9838942312500001 0.8176282046875001 0.9838942312500001 0.8073717953124999 0.9774038468749999 0.8019230765625001
39 0.50264423125 0.6269230765625 0.50889423125 0.6387820515625 0.5105769234374999 0.6487179484375 0.5112980765625 0.6608974359374999 0.5112980765625 0.6772435890625 0.512259615625 0.6990384609375 0.5247596156250001 0.6695512828125 0.5307692312500001 0.65 0.5302884609375 0.6291666671875 0.5264423078125 0.627564103125 0.51875 0.6397435890625001 0.5146634609375 0.640384615625 0.513221153125 0.634935896875 0.521634615625 0.6208333328125 0.509375 0.6230769234375 0.50264423125 0.6269230765625
39 0.3915865390625 0.7823717953125 0.387259615625 0.790064103125 0.387259615625 0.7958333328125 0.3920673078125 0.7977564109374999 0.3875 0.8070512828125 0.385096153125 0.8067307687499999 0.38125 0.8102564109375001 0.3834134609375 0.8121794875000001 0.388221153125 0.811858975 0.3985576921875 0.8067307687499999 0.415865384375 0.8022435890624999 0.431009615625 0.796794871875 0.4415865390625 0.790705128125 0.447596153125 0.784935896875 0.44014423125 0.7794871796875 0.42980769218750003 0.7679487171875 0.42115384687499996 0.7541666671875 0.4081730765625 0.7554487171875001 0.40384615312500005 0.761858975 0.40360576875 0.7666666671875 0.40600961562500004 0.7759615390625 0.4009615390625 0.7804487171875001 0.3915865390625 0.7823717953125
39 0.735096153125 0.8878205124999999 0.7480769234375 0.8983974359375001 0.7519230765625 0.8951923078125 0.7490384609375 0.8833333328125 0.749759615625 0.8769230765625 0.743990384375 0.8605769234375 0.7449519234374999 0.852884615625 0.74110576875 0.8522435890625 0.7415865390625 0.8641025640625 0.737259615625 0.871153846875 0.735096153125 0.8878205124999999
6 0.3956730765625 0.315064103125 0.3954326921875 0.3195512828125 0.39735576875 0.3230769234375 0.41514423125000005 0.3102564109375 0.41610576874999994 0.30416666718749996 0.41105769218750005 0.30416666718749996 0.3956730765625 0.315064103125
29 0.6105769234375 0.26858974375 0.613221153125 0.26538461562500004 0.6146634609375 0.25833333281250004 0.613221153125 0.2519230765625 0.6072115390625 0.2483974359375 0.6036057687499999 0.2496794875 0.60264423125 0.25576923125 0.6024038468749999 0.2647435890625 0.6105769234375 0.26858974375
57 0.4829326921875 0.175641025 0.4701923078125 0.184615384375 0.45600961562500003 0.20160256406250002 0.443990384375 0.21826923125 0.443509615625 0.22852564062499997 0.44543269218750003 0.2375 0.45889423125000006 0.26858974375 0.459375 0.25288461562500003 0.460096153125 0.24423076875 0.4641826921875 0.2326923078125 0.47644230781249997 0.2179487171875 0.4889423078125 0.2054487171875 0.505528846875 0.1926282046875 0.49615384687499997 0.171474359375 0.490625 0.1695512828125 0.4829326921875 0.175641025