20 0.5927287578125 0.7846200984375 0.6200980390625 0.771446078125 0.622957515625 0.765931371875 0.6388888890625 0.7549019609375 0.6364379078125 0.7478553921875 0.616830065625 0.7549019609375 0.6078431375 0.754289215625 0.5829248359375 0.7677696078125 0.57883986875 0.7751225484375001 0.5837418296875 0.78125 0.5927287578125 0.7846200984375
57 0.3517156859375 0.780943628125 0.3607026140625 0.77726715625 0.3619281046875 0.7640931375 0.357434640625 0.764399509375 0.3513071890625 0.77113970625 0.3517156859375 0.780943628125
7 0.366013071875 0.6004901953124999 0.3684640515625 0.5971200984375 0.37254902031250003 0.590992646875 0.373774509375 0.5692401953124999 0.365604575 0.5677083328125 0.3611111109375 0.5719975484375001 0.359068628125 0.5931372546875 0.3635620921875 0.5974264703125 0.366013071875 0.6004901953124999
11 0.41380718906249997 0.6243872546875 0.41952614375 0.629289215625 0.43014705937500003 0.6216299015625 0.43423202656250004 0.6142769609375 0.4391339875 0.5989583328125 0.428104575 0.5971200984375 0.41830065312500003 0.6001838234375 0.41952614375 0.6044730390625 0.419117646875 0.61488970625 0.41380718906249997 0.6243872546875
7 0.47222222187499996 0.10447303906250001 0.4795751640625 0.10539215625000001 0.483251634375 0.1026348046875 0.48202614375 0.0983455875 0.48202614375 0.0931372546875 0.4701797390625 0.0827205875 0.46364379062500005 0.0830269609375 0.4591503265625 0.0870098046875 0.4591503265625 0.0928308828125 0.47222222187499996 0.10447303906250001
38 0.48366013125 0.10294117656249999 0.48039215625000004 0.0986519609375 0.47630718906249997 0.1004901953125 0.4779411765625 0.1041666671875 0.48366013125 0.10294117656249999
7 0.5588235296875 0.13511029375 0.5580065359375 0.140931371875 0.5649509796875 0.1400122546875 0.573120915625 0.12653186249999998 0.578431371875 0.11550245156250001 0.58129085 0.08976715625000001 0.5702614374999999 0.0912990203125 0.5592320265625 0.1197916671875 0.5588235296875 0.1256127453125 0.5588235296875 0.13511029375
57 0.5853758171875 0.528492646875 0.5796568625 0.5321691171875 0.579248365625 0.5404411765625 0.580065359375 0.551164215625 0.57271241875 0.5487132359375 0.571895425 0.5603553921875 0.5939542484375 0.5575980390625 0.608251634375 0.5548406859375 0.60866013125 0.5505514703125 0.5853758171875 0.528492646875
39 0.954248365625 0.4852941171875 0.957516340625 0.47426470624999995 0.9763071890624999 0.4635416671875 0.99918300625 0.4509803921875 0.9950980390625 0.44117647031249996 0.9885620921875 0.4485294125 0.9787581703124999 0.44454656875 0.9526143796875 0.455882353125 0.9232026140625 0.46629902031250003 0.8831699343749999 0.48743872499999996 0.8713235296875 0.490196078125 0.8517156859374999 0.49050245156249994 0.858251634375 0.5217524515624999 0.85702614375 0.528186275 0.8717320265625 0.5502450984375 0.8803104578125 0.5588235296875 0.8892973859375 0.5716911765625 0.9080882359375 0.590686275 0.918300653125 0.58976715625 0.9276960781250001 0.587928921875 0.937091503125 0.5842524515624999 0.9424019609375 0.5677083328125 0.9468954249999999 0.549632353125 0.9517973859375 0.5275735296875 0.955065359375 0.5134803921875 0.954248365625 0.5036764703125 0.954248365625 0.4852941171875
57 0.8839869281249999 0.440257353125 0.8276143796875 0.43443627500000004 0.8337418296875001 0.47212009843749997 0.8839869281249999 0.440257353125
57 0.840686275 0.9577205875000001 0.848039215625 0.9623161765624999 0.8607026140625 0.9604779406249999 0.8651960781250001 0.9568014703125 0.839460784375 0.9399509796875 0.8341503265625001 0.9552696078125 0.840686275 0.9577205875000001
57 0.385620915625 0.6694240203125 0.37826797343749996 0.66636029375 0.38194444375000003 0.691789215625 0.385620915625 0.6694240203125