20 0.22587719375 0.9644999999999999 0.2001096484375 0.9652499999999999 0.1825657890625 0.9675 0.1842105265625 0.9724999999999999 0.179276315625 0.9994999999999999 0.23519736875000002 1 0.237938596875 0.966 0.22587719375 0.9644999999999999
33 0.2236842109375 0.68625 0.1924342109375 0.693 0.19956140312499998 0.71075 0.20339912343750002 0.7230000000000001 0.1853070171875 0.72325 0.1990131578125 0.73925 0.194078946875 0.75 0.2001096484375 0.7542500000000001 0.23355263124999998 0.75 0.2494517546875 0.7292500000000001 0.2423245609375 0.7162499999999999 0.2236842109375 0.68625
57 0.0263157890625 0.6625 0.006578946875 0.6627500000000001 0.0005482453125 0.67375 0.002741228125 0.68475 0.012061403125 0.6965 0.009868420312499999 0.7030000000000001 0.0197368421875 0.7045 0.03125 0.712 0.0328947375 0.70475 0.061403509375 0.6877500000000001 0.0400219296875 0.669 0.0263157890625 0.6625
57 0.22971491249999998 0.8342499999999999 0.2099780703125 0.83575 0.19133771875 0.835 0.1677631578125 0.83575 0.179276315625 0.8412499999999999 0.2001096484375 0.8442500000000001 0.21600877187499998 0.8414999999999999 0.2330043859375 0.837 0.22971491249999998 0.8342499999999999
57 0.08662280624999999 0.421 0.0888157890625 0.41550000000000004 0.0603070171875 0.41325 0.047697368750000003 0.42275 0.037280701562500004 0.43574999999999997 0.0778508765625 0.441 0.0849780703125 0.43150000000000005 0.087171053125 0.42675 0.08662280624999999 0.421
20 0.153508771875 0.3215 0.1447368421875 0.31725 0.1282894734375 0.31925 0.0986842109375 0.32075 0.0888157890625 0.319 0.0712719296875 0.32 0.004385965625 0.32825000000000004 0.001096490625 0.3465 0.013157895312500001 0.35275 0.0224780703125 0.353 0.10087719375 0.34199999999999997 0.11074561406250001 0.3365 0.1540570171875 0.327 0.153508771875 0.3215
57 0.7439692984375 0.26625 0.75548245625 0.27425 0.7658991234375 0.28300000000000003 0.774671053125 0.28275 0.7834429828125 0.273 0.7609649125 0.26475 0.7532894734375 0.26675 0.7439692984375 0.26625
57 0.40844298281249997 0.58125 0.38103070156249996 0.5740000000000001 0.3755482453125 0.5742499999999999 0.3591008765625 0.5832499999999999 0.3525219296875 0.58575 0.3552631578125 0.59175 0.373903509375 0.5934999999999999 0.377741228125 0.59075 0.3859649125 0.59225 0.40186403437499996 0.5894999999999999 0.40844298281249997 0.58125
57 0.21600877187499998 0.32625000000000004 0.22203947343750002 0.32825000000000004 0.2264254390625 0.3075 0.1984649125 0.30074999999999996 0.21600877187499998 0.32625000000000004
57 0.330043859375 0.9567500000000001 0.3305921046875 0.9422499999999999 0.31962719375000004 0.9397500000000001 0.3037280703125 0.9494999999999999 0.308114034375 0.9657500000000001 0.2982456140625 0.97425 0.30866228125 0.98475 0.3212719296875 0.9652499999999999 0.330043859375 0.9567500000000001
6 0.2521929828125 0.23349999999999999 0.2713815796875 0.23875000000000002 0.2702850875 0.23424999999999999 0.2532894734375 0.22925 0.2521929828125 0.23349999999999999
57 0.37116228125 0.15625 0.3311403515625 0.1645 0.3256578953125 0.172 0.35581140312500004 0.18 0.36293859687499996 0.173 0.37116228125 0.1695 0.37116228125 0.15625
39 0.2817982453125 0.45225 0.27412280624999996 0.44875 0.2708333328125 0.43925000000000003 0.256578946875 0.429 0.2439692984375 0.426 0.236293859375 0.42874999999999996 0.24725877187499998 0.43075 0.24725877187499998 0.437 0.25603070156249996 0.45325 0.2505482453125 0.457 0.2724780703125 0.46725000000000005 0.2900219296875 0.46799999999999997 0.2817982453125 0.45225
57 0.19462719374999998 0.29775 0.17543859687500002 0.30225 0.162828946875 0.305 0.17982456093750002 0.31675 0.19133771875 0.31475 0.2017543859375 0.312 0.1990131578125 0.307 0.19462719374999998 0.29775