7 0.5405 0.649671053125 0.5509999999999999 0.6047149125 0.5555 0.5811403515625 0.5535 0.5729166671875 0.545 0.5592105265625 0.53325 0.5526315796875 0.515 0.6200657890625 0.516 0.6408991234375 0.5115000000000001 0.6485745609375 0.5095 0.669956140625 0.5037499999999999 0.712171053125 0.51375 0.72258771875 0.52125 0.7033991234375 0.526 0.6842105265625 0.5295 0.680921053125 0.533 0.66008771875 0.5405 0.649671053125
7 0.5115000000000001 0.596491228125 0.51475 0.524671053125 0.50975 0.50548245625 0.51075 0.487938596875 0.50925 0.47094298281249997 0.50525 0.44462719375 0.49775 0.44298245625000005 0.496 0.46710526249999995 0.49375 0.48684210468750005 0.4885 0.5060307015625 0.48724999999999996 0.5466008765625 0.484 0.561403509375 0.484 0.585526315625 0.48575 0.6041666671875 0.5065000000000001 0.6041666671875 0.5115000000000001 0.596491228125
38 0.5045 0.712171053125 0.51325 0.72423245625 0.51925 0.7072368421874999 0.5135 0.6973684203125 0.5065000000000001 0.69133771875 0.5045 0.712171053125
28 0.52275 0.4802631578125 0.5465 0.4802631578125 0.54975 0.487938596875 0.558 0.48355263125 0.56375 0.45175438593750006 0.5575 0.43311403437499996 0.5365 0.43914473750000005 0.5265 0.43969298281249997 0.52275 0.4572368421875 0.52275 0.4802631578125
57 0.5255 0.31962719375000004 0.51925 0.3103070171875 0.5117499999999999 0.3009868421875 0.507 0.313596490625 0.509 0.346491228125 0.51275 0.353070175 0.508 0.3591008765625 0.5042500000000001 0.35581140312500004 0.5042500000000001 0.34923245625 0.5045 0.335526315625 0.49675 0.3267543859375 0.48550000000000004 0.3305921046875 0.48550000000000004 0.3470394734375 0.48150000000000004 0.350328946875 0.48 0.3717105265625 0.487 0.38103070156249996 0.4965 0.3826754390625 0.50725 0.3733552625 0.5165 0.3640350875 0.524 0.3459429828125 0.5255 0.31962719375000004
57 0.25375000000000003 0.1716008765625 0.253 0.1540570171875 0.24900000000000003 0.15021929843749998 0.251 0.1354166671875 0.2495 0.12883771875 0.24500000000000002 0.1271929828125 0.2375 0.112938596875 0.2355 0.0942982453125 0.23349999999999999 0.08662280624999999 0.23149999999999998 0.0756578953125 0.23149999999999998 0.059758771875000005 0.2285 0.0235745609375 0.22475 0.0169956140625 0.22400000000000003 0.028508771874999998 0.2185 0.0334429828125 0.21475 0.058114034375 0.21549999999999997 0.0811403515625 0.207 0.092653509375 0.20725 0.111293859375 0.2245 0.12116228124999999 0.233 0.1348684203125 0.238 0.157346490625 0.23125 0.16392543906249998 0.22025 0.1557017546875 0.21125 0.13980263125 0.20475 0.11074561406250001 0.202 0.084429825 0.1975 0.07730263125 0.194 0.0822368421875 0.19 0.100328946875 0.1895 0.1162280703125 0.1875 0.155153509375 0.1885 0.1759868421875 0.21000000000000002 0.20339912343750002 0.21575000000000003 0.19682017499999999 0.23675000000000002 0.18037280625000002 0.2485 0.164473684375 0.25375000000000003 0.1716008765625
47 0.12175 0.7741228062500001 0.11225 0.83662280625 0.11625 0.8421052625 0.12175 0.7741228062500001
57 0.45525000000000004 0.7171052625 0.45025000000000004 0.71326754375 0.44625000000000004 0.7264254390625 0.44400000000000006 0.743421053125 0.44699999999999995 0.7571271937499999 0.45025000000000004 0.752741228125 0.45599999999999996 0.754385965625 0.4615 0.752741228125 0.46299999999999997 0.7379385968750001 0.45824999999999994 0.7275219296875 0.457 0.7283442984375 0.4575 0.7249177625 0.45525000000000004 0.7171052625
47 0.2875 0.43585526249999995 0.28375 0.3552631578125 0.2805 0.35855263125 0.28225 0.434758771875 0.2875 0.43585526249999995
53 0.5545 0.66173245625 0.55925 0.6529605265625 0.561 0.64144736875 0.56375 0.6370614031249999 0.56775 0.634320175 0.58075 0.6178728062500001 0.587 0.6052631578125001 0.59225 0.5701754390625 0.59175 0.554276315625 0.58925 0.5345394734375 0.58375 0.5241228062500001 0.5755 0.5241228062500001 0.568 0.5202850875 0.55925 0.5153508765625 0.55225 0.509320175 0.5465 0.5060307015625 0.54425 0.517543859375 0.5395 0.5345394734375 0.536 0.5526315796875 0.54525 0.5592105265625 0.55425 0.571820175 0.55575 0.5805921046875 0.5417500000000001 0.6430921046875 0.5395 0.6557017546874999 0.5417500000000001 0.6672149125 0.5509999999999999 0.6672149125 0.5545 0.66173245625
2 0.434 0.55866228125 0.43875000000000003 0.5646929828125 0.43975 0.5438596484375 0.4365 0.5433114031249999 0.42874999999999996 0.5515350875 0.434 0.55866228125