42 0.483974359375 0.7456730765625 0.475 0.75 0.6041666671875 0.775721153125 0.60673076875 0.7742788468749999 0.60608974375 0.7701923078124999 0.483974359375 0.7456730765625
42 0.4798076921875 0.8807692312500001 0.46858974375000007 0.8769230765625 0.40608974375000007 0.8752403843750001 0.4076923078125 0.8793269234375 0.5304487171875001 0.8836538468749999 0.5314102562499999 0.87860576875 0.4891025640625 0.8771634609375001 0.4798076921875 0.8807692312500001
42 0.41474358906250003 0.9004807687499999 0.4 0.8610576921875 0.37820512812499996 0.797596153125 0.371153846875 0.7963942312500001 0.4076923078125 0.9019230765625 0.42019230781249994 0.9435096156249999 0.4262820515625 0.9427884609375001 0.41474358906250003 0.9004807687499999
42 0.7612179484375 0.537259615625 0.75608974375 0.5079326921875 0.7509615390625 0.478365384375 0.7423076921875 0.43269230781249995 0.740064103125 0.4177884609375 0.7375 0.40240384687499997 0.7198717953125 0.371634615625 0.7160256406250001 0.371875 0.7141025640625001 0.37548076875 0.73108974375 0.402884615625 0.7551282046875001 0.53485576875 0.7554487171875001 0.53798076875 0.7612179484375 0.537259615625
42 0.358653846875 0.6771634609375 0.3544871796875 0.643028846875 0.35929487187500003 0.634375 0.4134615390625 0.559615384375 0.40833333281249995 0.5540865390625 0.3503205125 0.6341346156250001 0.3455128203125 0.6415865390625 0.3496794875 0.67860576875 0.358653846875 0.6771634609375
42 0.1298076921875 0.7762019234374999 0.1320512828125 0.7793269234375 0.1378205125 0.778365384375 0.159615384375 0.74326923125 0.172115384375 0.724278846875 0.190705128125 0.693028846875 0.1996794875 0.6805288468749999 0.2 0.66826923125 0.190384615625 0.6826923078125 0.171474359375 0.7110576921875 0.150641025 0.7447115390625 0.1298076921875 0.7762019234374999
42 0.472435896875 0.2396634609375 0.4108974359375 0.22475961562500002 0.375641025 0.21682692343749999 0.37211538437499997 0.21947115312499998 0.37179487187500004 0.22259615312499997 0.3746794875 0.225240384375 0.48141025624999995 0.24879807656250003 0.4894230765625 0.2483173078125 0.484294871875 0.241346153125 0.472435896875 0.2396634609375
42 0.4647435890625 0.3800480765625 0.4576923078125 0.377403846875 0.44519230781249997 0.39495192343749996 0.3923076921875 0.47355769218750005 0.396794871875 0.4771634609375 0.4016025640625 0.47668269218750003 0.446153846875 0.4076923078125 0.4647435890625 0.3800480765625
42 0.209615384375 0.6980769234374999 0.20705128281250001 0.7581730765625 0.2134615390625 0.7574519234375 0.21570512812499998 0.69951923125 0.209615384375 0.6980769234374999
42 0.150641025 0.47307692343749996 0.149358975 0.4762019234375 0.20705128281250001 0.5197115390625 0.2076923078125 0.512259615625 0.1554487171875 0.4728365390625 0.150641025 0.47307692343749996
42 0.146153846875 0.33798076875 0.1269230765625 0.3427884609375 0.1041666671875 0.349759615625 0.0695512828125 0.3610576921875 0.050320512500000004 0.3668269234375 0.055448717187499996 0.371153846875 0.08846153906250001 0.3608173078125 0.1301282046875 0.346875 0.146153846875 0.33798076875
42 0.38525641093749996 0.46802884687499996 0.3769230765625 0.47115384687499995 0.3608974359375 0.48173076875 0.359935896875 0.4855769234375 0.36474358906250004 0.48677884687499995 0.3855769234375 0.47355769218750005 0.4384615390625 0.4668269234375 0.4301282046875 0.4634615390625 0.38525641093749996 0.46802884687499996
42 0.353846153125 0.1706730765625 0.35352564062499997 0.2326923078125 0.3605769234375 0.2322115390625 0.3602564109375 0.17091346093749998 0.353846153125 0.1706730765625
42 0.353205128125 0.3262019234375 0.3541666671875 0.3423076921875 0.3605769234375 0.34399038437499996 0.35929487187500003 0.3290865390625 0.353205128125 0.3262019234375
42 0.266025640625 0.2 0.27147435937500003 0.20432692343749997 0.3621794875 0.1271634609375 0.35641025625 0.121634615625 0.266025640625 0.2
42 0.402564103125 0.1608173078125 0.41698717968750004 0.13485576875 0.41057692343749996 0.13076923125 0.378846153125 0.18701923125 0.378525640625 0.1894230765625 0.38525641093749996 0.191346153125 0.402564103125 0.1608173078125
42 0.021889568749999998 0.38580638125 0.022229853124999997 0.38600618125 0.0229895109375 0.384921328125 0.0234432234375 0.385187728125 0.0240894515625 0.3840362765625 0.02465659375 0.38436927656250003 0.02518939375 0.38315122343749997 0.0258699640625 0.38355082500000004 0.0262893359375 0.382266171875 0.0270833328125 0.38273237187500003 0.0273892765625 0.38138111874999997 0.028296703125 0.38191391874999997 0.02848921875 0.380496065625 0.0295100734375 0.3810954671875 0.029589160937499998 0.37961101406250003 0.030723443750000003 0.3802770140625 0.030689103125 0.3787259609375 0.0319368125 0.3794585625 0.0683379125 0.354904990625 0.0679487171875 0.3543269234375 0.0695512828125 0.3540865390625 0.09391025625 0.338221153125 0.091025640625 0.3329326921875 0.0669871796875 0.34951923125 0.0614874703125 0.35394449375 0.06314102499999999 0.35504807656250004 0.0615384609375 0.3552884609375 0.0603875296875 0.3548295453125 0.059935896875000005 0.355528846875 0.058333332812500006 0.35576923125 0.0581876453125 0.35659965 0.057127192187499995 0.356572621875 0.057087703125 0.357484703125 0.055921053124999995 0.3573760125 0.0559877625 0.3583697546875 0.054714912500000004 0.35817940312499996 0.0548878203125 0.3592548078125 0.05350877187500001 0.35898279375 0.053787878125 0.360139859375 0.052302631249999995 0.359786184375 0.0125 0.38629807656250004 0.018589743750000002 0.3884615390625 0.0207896265625 0.386691434375 0.021016484375 0.38682463437500003 0.021889568749999998 0.38580638125
42 0.10673076875000001 0.415384615625 0.10993589687500001 0.4197115390625 0.1480769234375 0.415625 0.14967948749999999 0.4125 0.14423076875000002 0.4115384609375 0.10673076875000001 0.415384615625
42 0.025641025 0.353846153125 0.0262820515625 0.3584134609375 0.09743589687500001 0.3519230765625 0.11762820468749999 0.3451923078125 0.025641025 0.353846153125
42 0.127564103125 0.34807692343749996 0.14326923125 0.346875 0.1423076921875 0.3425480765625 0.13621794843749999 0.34326923125 0.127564103125 0.34807692343749996
42 0.4108974359375 0.4076923078125 0.3958333328125 0.4365384609375 0.402564103125 0.4355769234375 0.40929487187499997 0.4237980765625 0.4108974359375 0.4076923078125
42 0.1929487171875 0.6951923078125 0.1862179484375 0.715865384375 0.1919871796875 0.71514423125 0.19871794843749999 0.696875 0.1929487171875 0.6951923078125
42 0.35128205156250003 0.5620192312500001 0.3419871796875 0.5629807687499999 0.32275641093749996 0.5603365390625 0.3137820515625 0.5603365390625 0.315064103125 0.5629807687499999 0.3740384609375 0.5634615390625 0.37179487187500004 0.55889423125 0.36474358906250004 0.559134615625 0.35128205156250003 0.5620192312500001
42 0.1330128203125 0.2230769234375 0.1269230765625 0.2396634609375 0.134615384375 0.24110576875 0.1394230765625 0.22427884687500002 0.1330128203125 0.2230769234375
39 0.2076923078125 0.72764423125 0.19743589687500002 0.7401442312500001 0.1929487171875 0.759615384375 0.19871794843749999 0.7725961531250001 0.202564103125 0.7826923078125 0.2076923078125 0.7860576921875 0.21826923125 0.796153846875 0.221153846875 0.8016826921875 0.2294871796875 0.803365384375 0.2330128203125 0.7713942312500001 0.23333333281250002 0.7564903843749999 0.23461538437499999 0.746634615625 0.2375 0.7192307687499999 0.216346153125 0.7245192312500001 0.21474358906250002 0.7569711531250001 0.2073717953125 0.7581730765625 0.2076923078125 0.72764423125
39 0.2294871796875 0.49927884687499996 0.221474359375 0.5081730765625 0.21730769218749998 0.5052884609375 0.21025641093749997 0.5074519234375 0.2076923078125 0.511778846875 0.2073717953125 0.5225961531250001 0.20673076875000002 0.5254807687499999 0.20993589687499997 0.528846153125 0.213141025 0.52764423125 0.211858975 0.5384615390625 0.21570512812499998 0.55048076875 0.22179487187500002 0.560096153125 0.23237179531250002 0.5701923078125 0.246474359375 0.578365384375 0.24743589687499998 0.574759615625 0.2519230765625 0.574759615625 0.252564103125 0.571875 0.25576923125 0.5704326921875 0.2580128203125 0.5670673078124999 0.2605769234375 0.5615384609375 0.261858975 0.5574519234374999 0.26858974375 0.5540865390625 0.27371794843749997 0.5533653843749999 0.2705128203125 0.5463942312500001 0.26891025625 0.5384615390625 0.2695512828125 0.5271634609375 0.271794871875 0.5141826921875 0.27243589687499997 0.50360576875 0.27243589687499997 0.4980769234375 0.275641025 0.490384615625 0.2644230765625 0.489903846875 0.253525640625 0.49615384687499997 0.241346153125 0.503125 0.2294871796875 0.49927884687499996
13 0.20576923125 0.621153846875 0.2445512828125 0.6115384609375 0.24515224375 0.5932842546875 0.24397435937499998 0.593028846875 0.2451923078125 0.5920673078124999 0.23910256406250002 0.596875 0.23365384687500002 0.596634615625 0.224358975 0.5942307687499999 0.22019230781250002 0.5995192312500001 0.21698717968749998 0.6088942312500001 0.21025641093749997 0.61298076875 0.2044871796875 0.612259615625 0.20277777812500003 0.6096955125 0.20048076875 0.6090945515625 0.20192307656250003 0.6084134609375 0.197876603125 0.6005709140625 0.20798992656249998 0.56344436875 0.20644586875 0.5632478625 0.2071581203125 0.562099359375 0.20831616249999999 0.5622467375 0.2086424 0.5610491078125001 0.2078703703125 0.5609508546875001 0.20858262187499998 0.55980235 0.20896863593749998 0.5598514765625 0.209294871875 0.558653846875 0.1926282046875 0.56514423125 0.190705128125 0.5795673078125 0.19123931562500002 0.5979967953124999 0.19248798125 0.5980318515625 0.192107371875 0.5992487984375 0.191274928125 0.599225428125 0.191310540625 0.600454059375 0.1917267625 0.6004657453125 0.191346153125 0.6016826921875 0.197550365625 0.60176854375 0.1952667125 0.6101519578125 0.19615384687499998 0.6111378203125 0.1949404765625 0.6113495875 0.194614240625 0.61254721875 0.19326923125 0.6125 0.194288003125 0.6137448484375 0.1934294875 0.6140625 0.1939617671875 0.6149424796875 0.19358974375 0.615625 0.19363553125 0.6161401093750001 0.1926282046875 0.6166666671875001 0.19330929531250002 0.617337740625 0.192983059375 0.6185353703125 0.1916666671875 0.6177083328124999 0.190705128125 0.61875 0.19083333281249998 0.6215384609375 0.19200435 0.6221282625 0.1908974359375 0.6229326921875 0.1916781140625 0.6233258921875 0.1909615390625 0.6243269234375 0.1913518765625 0.6245235234375001 0.191025640625 0.625721153125 0.20576923125 0.621153846875
39 0.2365384609375 0.7139423078125 0.2394230765625 0.6949519234375 0.22179487187500002 0.6990384609375 0.2365384609375 0.7139423078125
39 0.3541666671875 0.7074519234375 0.358653846875 0.700721153125 0.3608974359375 0.6980769234374999 0.363141025 0.687259615625 0.3679487171875 0.6759615390625 0.36666666718749996 0.6584134609375 0.3673076921875 0.6516826921875001 0.36987179531250003 0.6490384609375 0.371474359375 0.6329326921875 0.3602564109375 0.6341346156250001 0.3544871796875 0.6427884609375 0.358974359375 0.6771634609375 0.3496794875 0.6788461531250001 0.3483974359375 0.6665865390625 0.3445512828125 0.69375 0.340384615625 0.72764423125 0.3487179484375 0.722596153125 0.352884615625 0.719471153125 0.35480769218749997 0.7117788468749999 0.3541666671875 0.7074519234375
33 0.1695512828125 0.019471153124999998 0.172435896875 0.015625 0.1701923078125 0.00576923125 0.1647435890625 0.00048076875000000005 0.15673076875 0.00024038437500000003 0.15673076875 0.0108173078125 0.152564103125 0.018509615625 0.14423076875000002 0.025 0.1365384609375 0.03125 0.15128205156250002 0.0375 0.159615384375 0.02860576875 0.1695512828125 0.028125 0.1695512828125 0.019471153124999998
57 0.1926282046875 0.01610576875 0.1823717953125 0.01610576875 0.190384615625 0.029807692187500002 0.1980769234375 0.022596153124999997 0.1926282046875 0.01610576875
39 0.35128205156250003 0.4894230765625 0.3612179484375 0.49110576874999995 0.3730769234375 0.49735576875 0.3769230765625 0.490625 0.3791666671875 0.478365384375 0.36506410312500004 0.48677884687499995 0.35961538437499996 0.4853365390625 0.3602564109375 0.48125 0.372435896875 0.47355769218750005 0.3708333328125 0.4697115390625 0.35 0.46923076874999997 0.3304487171875 0.475240384375 0.3009615390625 0.487740384375 0.32275641093749996 0.48870192343749996 0.3391025640625 0.48870192343749996 0.35128205156250003 0.4894230765625
39 0.19326923125 0.6014423078125 0.18814102500000002 0.611778846875 0.1878205125 0.6165865390625 0.1897435890625 0.61875 0.19326923125 0.614903846875 0.1929487171875 0.6125 0.2022435890625 0.6079326921875 0.20416666718749998 0.612740384375 0.20993589687499997 0.612740384375 0.2176282046875 0.6084134609375 0.2195512828125 0.5990384609375 0.2240384609375 0.593990384375 0.23333333281250002 0.59639423125 0.238141025 0.596153846875 0.2445512828125 0.5918269234375 0.24583333281250003 0.578846153125 0.2320512828125 0.5701923078125 0.22051282031250002 0.55985576875 0.21506410312500002 0.552403846875 0.209294871875 0.5584134609375 0.20320512812499997 0.5689903843749999 0.19775641093750002 0.584134615625 0.19326923125 0.6014423078125
39 0.1477564109375 0.25889423125 0.147115384375 0.2550480765625 0.1394230765625 0.256009615625 0.12307692343750001 0.25024038437499996 0.1166666671875 0.2509615390625 0.1048076921875 0.24807692343749999 0.10160256406249998 0.2519230765625 0.1121794875 0.264903846875 0.128846153125 0.26274038437499997 0.1358974359375 0.2584134609375 0.1477564109375 0.25889423125
6 0.6958333328124999 0.5889423078125 0.6958333328124999 0.5838942312500001 0.6897435890625 0.58485576875 0.6769230765625001 0.60264423125 0.6804487171875 0.6045673078125 0.684935896875 0.6043269234374999 0.6958333328124999 0.5889423078125
29 0.7480769234375 0.386778846875 0.7416666671875001 0.3853365390625 0.734615384375 0.386778846875 0.73141025625 0.3894230765625 0.7352564109374999 0.39759615312499996 0.7442307687499999 0.39735576875 0.7503205125 0.39639423125 0.7516025640625 0.3927884609375 0.7480769234375 0.386778846875
57 0.7983974359375 0.543990384375 0.815384615625 0.5298076921875 0.824358975 0.5170673078125 0.8304487171874999 0.509375 0.8285256406249999 0.503846153125 0.8073717953124999 0.494471153125 0.7945512828125 0.5110576921875001 0.7820512828124999 0.5235576921875 0.7673076921875001 0.5358173078124999 0.7557692312500001 0.5399038468749999 0.747115384375 0.540625 0.73141025625 0.5411057687499999 0.7625 0.5545673078125 0.771474359375 0.556490384375 0.7817307687499999 0.5560096156250001 0.7983974359375 0.543990384375