7 0.363664215625 0.3954248359375 0.355085784375 0.3799019609375 0.3452818625 0.3696895421875 0.328125 0.36478758125 0.3177083328125 0.375 0.3106617640625 0.3864379078125 0.29319852968750004 0.4223856203125 0.2858455875 0.43055555625 0.252757353125 0.49223856250000003 0.246936275 0.5151143796875 0.24846813750000002 0.534313725 0.2438725484375 0.5396241828125 0.23897058750000003 0.551879084375 0.2450980390625 0.562908496875 0.25704656875 0.5702614374999999 0.265318628125 0.57107843125 0.27420343125 0.5563725484375001 0.27787990156250003 0.5510620921875 0.2977941171875 0.5359477125 0.309742646875 0.5155228765625 0.3302696078125 0.47140522812499996 0.335477940625 0.45383986875 0.353553921875 0.426879084375 0.363664215625 0.3954248359375
38 0.2438725484375 0.5412581703125 0.2392769609375 0.5510620921875 0.2450980390625 0.5625 0.25704656875 0.5698529406249999 0.266850490625 0.57107843125 0.269914215625 0.56331699375 0.26194852968750004 0.5625 0.25306372499999996 0.5547385625000001 0.245710784375 0.5453431375 0.2438725484375 0.5412581703125
6 0.22886029375 0.5049019609375 0.246936275 0.4889705875 0.2408088234375 0.48080065312500003 0.22273284375000002 0.49632352968750004 0.22886029375 0.5049019609375
6 0.22028186249999998 0.4775326796875 0.23835784375000002 0.47508169999999994 0.2368259796875 0.46609477187500004 0.22028186249999998 0.4681372546875 0.22028186249999998 0.4775326796875
54 0.700061275 0.3827614375 0.69301470625 0.3803104578125 0.6939338234375 0.374591503125 0.7037377453125 0.3672385625 0.7052696078125 0.3615196078125 0.7012867640625 0.358251634375 0.6942401953124999 0.36478758125 0.6856617640625 0.3615196078125 0.6798406859375 0.372957515625 0.6770833328125 0.37867647031249996 0.66789215625 0.373774509375 0.659313725 0.36805555624999997 0.6544117640625 0.3684640515625 0.6458333328125 0.372957515625 0.6528799015625 0.3799019609375 0.64767156875 0.3827614375 0.643382353125 0.38725490156250003 0.64767156875 0.3962418296875 0.6528799015625 0.40073529375000005 0.6516544125 0.419117646875 0.6568627453125 0.4227941171875 0.6623774515624999 0.421568628125 0.676164215625 0.43218954218750005 0.6856617640625 0.42728758125 0.690257353125 0.4150326796875 0.6939338234375 0.4150326796875 0.6982230390625 0.4044117640625 0.7022058828125 0.3954248359375 0.700061275 0.3827614375
12 0.80238970625 0.52573529375 0.8149509796875 0.5294117640625 0.8235294124999999 0.5294117640625 0.856617646875 0.47140522812499996 0.8569240203125 0.4595588234375 0.858149509375 0.44362745156249994 0.85386029375 0.428104575 0.848039215625 0.419934640625 0.8391544124999999 0.419117646875 0.8247549015625 0.41789215625000004 0.81801470625 0.42606209218749996 0.791053921875 0.4697712421875 0.78829656875 0.48733660156249997 0.7919730390625 0.5061274515624999 0.80238970625 0.52573529375
45 0.8504901953124999 0.437091503125 0.8501838234375001 0.427696078125 0.84375 0.428104575 0.8416053921875 0.44893790781250004 0.8455882359375 0.4517973859375 0.848039215625 0.448120915625 0.8504901953124999 0.437091503125
6 0.94761029375 0.47181372499999996 0.94914215625 0.47589869218749997 0.9610906859374999 0.48120915000000003 0.9638480390625 0.47344771249999995 0.9506740203125 0.4693627453125 0.94761029375 0.47181372499999996
6 0.9773284312499999 0.43504902031250003 0.9859068625 0.43464052343750004 0.9806985296875 0.41258169999999994 0.9757965687500001 0.41339869218749997 0.9773284312499999 0.43504902031250003
6 0.8033088234375001 0.42116013125 0.7987132359375 0.3978758171875 0.791053921875 0.40359477187500004 0.7950367640625 0.4240196078125 0.8033088234375001 0.42116013125
6 0.825367646875 0.4375 0.8204656859374999 0.44526143749999997 0.8302696078125 0.4697712421875 0.8345588234375001 0.46568627500000004 0.831188725 0.455882353125 0.825367646875 0.4375
57 0.9139093140625001 0.42728758125 0.9264705875000001 0.428104575 0.9264705875000001 0.391748365625 0.9126838234375001 0.393382353125 0.9139093140625001 0.42728758125
6 0.9053308828125 0.41748365937500004 0.8995098046875001 0.391748365625 0.891850490625 0.393382353125 0.9004289218749999 0.41952614375 0.9053308828125 0.41748365937500004