7 0.2205882359375 0.815257353125 0.2250817 0.8201593140625001 0.2279411765625 0.828125 0.23733660156249997 0.830882353125 0.2475490203125 0.8296568625 0.267565359375 0.8296568625 0.2802287578125 0.8287377453125 0.2912581703125 0.8229166671874999 0.3075980390625 0.808210784375 0.3190359484375 0.7977941171875 0.3435457515625 0.7748161765625 0.3533496734375 0.7604166671875 0.348039215625 0.735600490625 0.3349673203125 0.7254901953124999 0.313725490625 0.7202818625 0.2912581703125 0.718443628125 0.27859477187500004 0.724571078125 0.26879084999999997 0.7334558828125 0.257352940625 0.7450980390625 0.24019607812500002 0.761335784375 0.2205882359375 0.78125 0.2181372546875 0.7959558828125 0.2169117640625 0.8063725484375001 0.2205882359375 0.815257353125
6 0.4754901953125 0.05698529375 0.4599673203125 0.0447303921875 0.4509803921875 0.0502450984375 0.46650326875000003 0.0625 0.4754901953125 0.05698529375
6 0.20669934687499997 0.3658088234375 0.20424836562499998 0.37867647031249996 0.20751634062500002 0.379289215625 0.2107843140625 0.36825980468749997 0.20669934687499997 0.3658088234375
6 0.222222221875 0.3860294125 0.20424836562499998 0.37867647031249996 0.20179738593750002 0.3811274515625 0.2197712421875 0.3897058828125 0.222222221875 0.3860294125
6 0.2140522875 0.3529411765625 0.21650326875 0.3431372546875 0.2124183 0.342524509375 0.2099673203125 0.35232843125 0.2140522875 0.3529411765625
6 0.2099673203125 0.3419117640625 0.20506535937499998 0.34129902031250003 0.20179738593750002 0.353553921875 0.20833333281250002 0.353553921875 0.2099673203125 0.3419117640625
6 0.0016339875000000001 0.2181372546875 0.0236928109375 0.23100490156250003 0.0236928109375 0.22732843125 0.0016339875000000001 0.2181372546875
6 0.062908496875 0.5502450984375 0.0678104578125 0.53982843125 0.062091503125 0.5379901953124999 0.0563725484375 0.5490196078125 0.062908496875 0.5502450984375
6 0.06535947656249999 0.5790441171875 0.062908496875 0.566789215625 0.0588235296875 0.566789215625 0.060457515625 0.5796568625 0.06535947656249999 0.5790441171875
6 0.0588235296875 0.612132353125 0.0547385625 0.60232843125 0.046568628125 0.60232843125 0.052287581250000006 0.612132353125 0.0588235296875 0.612132353125
6 0.063725490625 0.58823529375 0.064542484375 0.5802696078125 0.0596405234375 0.5790441171875 0.060457515625 0.58823529375 0.063725490625 0.58823529375
6 0.44035947656249996 0.8725490203125 0.44199346406249995 0.8639705875000001 0.436274509375 0.86335784375 0.435457515625 0.8713235296875 0.44035947656249996 0.8725490203125
6 0.46241830000000006 0.875 0.455065359375 0.879289215625 0.4583333328125 0.8823529406249999 0.46568627500000004 0.8768382359375 0.46241830000000006 0.875
6 0.50081699375 0.7647058828125 0.48039215625000004 0.7610294125 0.4787581703125 0.7640931375 0.5 0.7677696078125 0.50081699375 0.7647058828125
6 0.75 0.5661764703125 0.7532679734375 0.566789215625 0.758986928125 0.55698529375 0.7557189546874999 0.5551470593750001 0.7516339875 0.5557598046875001 0.75 0.5661764703125
6 0.8096405234375 0.18443627499999998 0.794934640625 0.17279411718749998 0.7883986921874999 0.17892156875 0.8014705875000001 0.18933823593750002 0.8096405234375 0.18443627499999998
6 0.01960784375 0.46262254843750006 0.03676470625 0.4693627453125 0.0392156859375 0.46568627500000004 0.01960784375 0.46262254843750006
6 0.27777777812500004 0.43137254843750006 0.27777777812500004 0.41850490156250003 0.276960784375 0.41850490156250003 0.2736928109375 0.43137254843750006 0.27777777812500004 0.43137254843750006