13 0.3692810453125 0.1939338234375 0.392565359375 0.2325367640625 0.3974673203125 0.231311275 0.41258169999999994 0.226102940625 0.4170751640625 0.22855392187499998 0.42483660156249997 0.226102940625 0.44199346406249995 0.219056371875 0.4150326796875 0.1764705875 0.3692810453125 0.1939338234375
42 0.3827614375 0.1881127453125 0.38725490156250003 0.18658088281250002 0.384803921875 0.1822916671875 0.38521241875 0.1712622546875 0.3807189546875 0.170649509375 0.3799019609375 0.1825980390625 0.3827614375 0.1881127453125
6 0.3978758171875 0.26164215625 0.4072712421875 0.26194852968750004 0.4154411765625 0.26164215625 0.4236111109375 0.266850490625 0.43218954218750005 0.26960784375 0.4391339875 0.26930147031249996 0.4358660125 0.2650122546875 0.44444444375 0.2579656859375 0.44444444375 0.25245097968749997 0.4509803921875 0.2481617640625 0.446486928125 0.24295343125 0.435457515625 0.2405024515625 0.43504902031250003 0.22916666718749998 0.43218954218750005 0.22579656875 0.426879084375 0.22579656875 0.4203431375 0.23039215624999998 0.41339869218749997 0.2276348046875 0.3958333328125 0.2325367640625 0.38725490156250003 0.24019607812500002 0.3880718953125 0.2493872546875 0.391748365625 0.2579656859375 0.3978758171875 0.26164215625
6 0.090277778125 0.5962009796875 0.1004901953125 0.594056371875 0.097222221875 0.578125 0.097222221875 0.5625 0.090277778125 0.562193628125 0.088643790625 0.575367646875 0.090277778125 0.5962009796875
6 0.151960784375 0.609068628125 0.14215686249999998 0.60232843125 0.13439542499999999 0.606617646875 0.1462418296875 0.6197916671875 0.15359477187499998 0.6158088234375 0.151960784375 0.609068628125
6 0.23161764687500003 0.5572916671875 0.2271241828125 0.5729166671875 0.23284313750000002 0.5735294125 0.23651960781249998 0.5588235296875 0.23161764687500003 0.5572916671875
39 0.224673203125 0.6421568625 0.2475490203125 0.6467524515624999 0.249591503125 0.6427696078125 0.22875817031249998 0.636335784375 0.224673203125 0.6421568625
57 0.1560457515625 0.5572916671875 0.1572712421875 0.5505514703125 0.1491013078125 0.548100490625 0.14379085 0.549632353125 0.1360294125 0.5490196078125 0.1368464046875 0.5606617640625 0.1401143796875 0.5704656859375 0.1119281046875 0.5713848046875001 0.1013071890625 0.6029411765625 0.109068628125 0.612132353125 0.15073529375 0.5952818625 0.151143790625 0.58976715625 0.1548202609375 0.58670343125 0.1723856203125 0.5729166671875 0.16870915 0.565257353125 0.15277777812499999 0.56648284375 0.1560457515625 0.5572916671875
6 0.18954248437500001 0.903492646875 0.1809640515625 0.894914215625 0.16870915 0.8970588234375001 0.1633986921875 0.9001225484375001 0.15972222187500001 0.9080882359375 0.18954248437500001 0.903492646875
6 0.30923202656250004 0.5606617640625 0.32475490156250003 0.5609681375 0.3255718953125 0.5572916671875 0.31004902031250003 0.5557598046875001 0.30923202656250004 0.5606617640625
6 0.259395425 0.24417892187499998 0.2724673203125 0.233149509375 0.2671568625 0.22886029375 0.2565359484375 0.2411151953125 0.259395425 0.24417892187499998
6 0.0008169937500000001 0.9301470593750001 0.0008169937500000001 0.9411764703125 0.0122549015625 0.9280024515624999 0.0049019609375 0.924938725 0.0008169937500000001 0.9301470593750001