19 0.03513071875 0.9672181375 0.0379901953125 0.951899509375 0.03349673125 0.938725490625 0.0310457515625 0.91023284375 0.0302287578125 0.856311275 0.00040849687500000003 0.8587622546875 0 1 0.03349673125 0.9993872546875 0.032679739062500004 0.99601715625 0.03513071875 0.9672181375
7 0.46405228750000005 0.3017769609375 0.4587418296875 0.30055147031249996 0.45016339843750003 0.30055147031249996 0.44607843125 0.3075980390625 0.447303921875 0.31587009843749997 0.44444444375 0.32261029375 0.447303921875 0.333946078125 0.447303921875 0.3428308828125 0.4513888890625 0.3443627453125 0.45629084999999997 0.34375 0.4579248359375 0.33700980468749997 0.4595588234375 0.3333333328125 0.46364379062500005 0.3265931375 0.46241830000000006 0.32261029375 0.46405228750000005 0.31954656875 0.46486928125000004 0.3079044125 0.46405228750000005 0.3017769609375
6 0.48080065312500003 0.1936274515625 0.4771241828125 0.19148284375 0.47589869218749997 0.1994485296875 0.4787581703125 0.20220588281250002 0.48080065312500003 0.1936274515625
29 0.5204248359375 0.775428921875 0.5204248359375 0.7821691171875 0.5245098046875001 0.7858455875 0.526960784375 0.7830882359375 0.5265522875 0.776960784375 0.5245098046875001 0.7729779406249999 0.5204248359375 0.775428921875
29 0.47630718906249997 0.37132352968750004 0.47303921562499995 0.36948529375 0.4701797390625 0.3740808828125 0.47344771249999995 0.3768382359375 0.47630718906249997 0.37132352968750004
6 0.5408496734375 0.25245097968749997 0.546568628125 0.24908088281250002 0.54616013125 0.24295343125 0.54370915 0.23988970625 0.5371732031249999 0.2438725484375 0.5408496734375 0.25245097968749997
57 0.5571895421875 0.07414215625000001 0.552696078125 0.0799632359375 0.5571895421875 0.0830269609375 0.560457515625 0.076899509375 0.5571895421875 0.07414215625000001
27 0.43668300625 0.2717524515625 0.44117647031249996 0.26317402031250003 0.42606209218749996 0.264399509375 0.427696078125 0.2717524515625 0.43668300625 0.2717524515625
27 0.40972222187499996 0.5361519609375 0.40931372499999996 0.5407475484375001 0.40318627500000004 0.5407475484375001 0.4068627453125 0.5453431375 0.4080882359375 0.55545343125 0.4219771234375 0.548100490625 0.4236111109375 0.5376838234375 0.40972222187499996 0.5361519609375
57 0.419934640625 0.526960784375 0.42483660156249997 0.5318627453125 0.42524509843749997 0.5419730390625 0.43096405156250006 0.5327818625 0.428104575 0.5217524515624999 0.4240196078125 0.5220588234375 0.419934640625 0.526960784375
6 0.43014705937500003 0.7475490203125 0.4236111109375 0.7466299015625 0.41217320312499994 0.753063725 0.4170751640625 0.7591911765625 0.41830065312500003 0.762561275 0.42728758125 0.762561275 0.439542484375 0.7634803921875 0.43504902031250003 0.7573529406249999 0.43014705937500003 0.7475490203125
6 0.509803921875 0.8609068625 0.5057189546874999 0.8587622546875 0.5044934640625 0.8682598046875001 0.50857843125 0.86948529375 0.509803921875 0.8609068625
29 0.43423202656250004 0.9365808828125 0.43055555625 0.9381127453125 0.43995097968749997 0.941789215625 0.44321895468749994 0.950061275 0.447303921875 0.9466911765624999 0.445669934375 0.936274509375 0.44035947656249996 0.9350490203125 0.43423202656250004 0.9365808828125
6 0.5392156859375 0.3759191171875 0.534313725 0.375306371875 0.5314542484375 0.383272059375 0.5371732031249999 0.3844975484375 0.5392156859375 0.3759191171875
57 0.5657679734375 0.195772059375 0.571486928125 0.1838235296875 0.5678104578125 0.1780024515625 0.56331699375 0.179227940625 0.560457515625 0.18443627499999998 0.5657679734375 0.195772059375
31 0.45710784374999996 0.12009803906250001 0.45710784374999996 0.143382353125 0.46405228750000005 0.1498161765625 0.47181372499999996 0.15318627499999998 0.47426470624999995 0.1234681375 0.4673202609375 0.1170343140625 0.45710784374999996 0.12009803906250001
57 0.428104575 0.15808823593750002 0.43341503281250005 0.1626838234375 0.43504902031250003 0.15778186249999998 0.437908496875 0.148897059375 0.43259803906250005 0.140931371875 0.43218954218750005 0.127757353125 0.42606209218749996 0.12683823593750002 0.4264705875 0.136335784375 0.42483660156249997 0.144914215625 0.420751634375 0.15471813750000002 0.428104575 0.15808823593750002
57 0.4620098046875 0.0842524515625 0.4681372546875 0.0827205875 0.4681372546875 0.0775122546875 0.46527777812500004 0.07261029375 0.4603758171875 0.0790441171875 0.4620098046875 0.0842524515625
57 0.5130718953125 0.0827205875 0.5130718953125 0.0735294125 0.5114379078125 0.06801470625 0.5061274515624999 0.07291666718749999 0.502042484375 0.0772058828125 0.502042484375 0.085477940625 0.5065359484374999 0.0860906859375 0.5077614374999999 0.0912990203125 0.5130718953125 0.0916053921875 0.5130718953125 0.0827205875
57 0.42973856250000003 0.30698529375 0.42483660156249997 0.306678921875 0.42483660156249997 0.315257353125 0.4223856203125 0.320772059375 0.426879084375 0.3216911765625 0.42892156875 0.3170955875 0.42973856250000003 0.30698529375
4 0.4779411765625 0.47212009843749997 0.47344771249999995 0.4733455875 0.47140522812499996 0.4779411765625 0.4775326796875 0.48039215625000004 0.4779411765625 0.47212009843749997
57 0.439542484375 0.51011029375 0.435457515625 0.50704656875 0.43218954218750005 0.5177696078125 0.439542484375 0.51011029375