7 0.8262867640625 0.10008170000000001 0.828431371875 0.1008986921875 0.8302696078125 0.099673203125 0.8296568625 0.097222221875 0.828125 0.0935457515625 0.828125 0.09109477187500001 0.828125 0.0874183 0.826899509375 0.0866013078125 0.8247549015625 0.081699346875 0.8177083328125001 0.0776143796875 0.809742646875 0.0772058828125 0.7821691171875 0.08823529375 0.780024509375 0.0939542484375 0.778492646875 0.10743464062500001 0.7797181375 0.1119281046875 0.7830882359375 0.1172385625 0.79136029375 0.11887254843749999 0.795649509375 0.11928104531249999 0.8014705875000001 0.1172385625 0.808210784375 0.11519607812499999 0.8219975484375001 0.108251634375 0.8235294124999999 0.105800653125 0.825061275 0.1013071890625 0.8262867640625 0.10008170000000001
7 0.525428921875 0.20220588281250002 0.52113970625 0.203431371875 0.5165441171875 0.20874182968750002 0.5131740203125 0.215277778125 0.5091911765625 0.2189542484375 0.5064338234375 0.222222221875 0.5067401953124999 0.22426470625 0.505821078125 0.2271241828125 0.5061274515624999 0.22957516406249998 0.50857843125 0.23039215624999998 0.511335784375 0.22916666718749998 0.5137867640625 0.22957516406249998 0.5177696078125 0.22957516406249998 0.5205269609375 0.2271241828125 0.5223651953124999 0.2254901953125 0.5260416671875 0.2197712421875 0.5297181375 0.2140522875 0.5306372546875 0.20833333281250002 0.528492646875 0.20424836562499998 0.525428921875 0.20220588281250002
6 0.8400735296875 0.349673203125 0.8412990203125 0.3447712421875 0.8388480390625 0.3431372546875 0.8370098046875001 0.348856209375 0.8400735296875 0.349673203125
6 0.7647058828125 0.311274509375 0.7665441171875 0.312908496875 0.7720588234375 0.30882352968750004 0.7708333328125 0.3071895421875 0.765931371875 0.30964052343750004 0.7647058828125 0.311274509375
6 0.7818627453125 0.3006535953125 0.78676470625 0.3014705875 0.78982843125 0.29983660156249997 0.78982843125 0.2982026140625 0.7818627453125 0.29983660156249997 0.7818627453125 0.3006535953125
6 0.7622549015625 0.29983660156249997 0.759803921875 0.294934640625 0.7573529406249999 0.294934640625 0.759803921875 0.3006535953125 0.7622549015625 0.29983660156249997
6 0.7916666671875 0.2720588234375 0.79289215625 0.26879084999999997 0.7892156859375 0.26797385625 0.7861519609375 0.26797385625 0.7849264703125 0.26960784375 0.7916666671875 0.2720588234375
6 0.782475490625 0.2459150328125 0.7916666671875 0.2459150328125 0.7916666671875 0.2434640515625 0.7837009796875 0.2442810453125 0.782475490625 0.2459150328125
6 0.731617646875 0.25245097968749997 0.7395833328125 0.25081699375 0.7395833328125 0.24918300625 0.7322303921875 0.25081699375 0.731617646875 0.25245097968749997
6 0.8100490203125 0.20915032656250002 0.8045343140625001 0.20669934687499997 0.8033088234375001 0.20833333281250002 0.8088235296875 0.2099673203125 0.8100490203125 0.20915032656250002
6 0.6709558828125 0.2736928109375 0.6709558828125 0.26879084999999997 0.66789215625 0.26960784375 0.6672794125 0.275326796875 0.6709558828125 0.2736928109375
6 0.6654411765625 0.2826797390625 0.6654411765625 0.2810457515625 0.6537990203125 0.2810457515625 0.6537990203125 0.28349673124999997 0.6580882359375 0.28513071874999996 0.6654411765625 0.2826797390625
6 0.5827205875 0.26633986875 0.5900735296875 0.26797385625 0.590686275 0.2647058828125 0.5833333328125 0.2647058828125 0.5827205875 0.26633986875
6 0.5287990203125 0.2263071890625 0.528186275 0.221405228125 0.52573529375 0.223039215625 0.5263480390625 0.2271241828125 0.5287990203125 0.2263071890625
6 0.6182598046875001 0.1993464046875 0.615196078125 0.19689542499999999 0.61335784375 0.19771241875 0.6170343140625 0.20098039218750002 0.6182598046875001 0.1993464046875
6 0.4669117640625 0.2810457515625 0.47365196093749995 0.2802287578125 0.47426470624999995 0.27777777812500004 0.4669117640625 0.27777777812500004 0.4669117640625 0.2810457515625
6 0.46262254843750006 0.2557189546875 0.4681372546875 0.2516339875 0.46629902031250003 0.25 0.46139705937500003 0.25326797343749996 0.46262254843750006 0.2557189546875
6 0.6170343140625 0.330065359375 0.6139705875 0.3267973859375 0.612132353125 0.3276143796875 0.615196078125 0.33169934687499997 0.6170343140625 0.330065359375
6 0.6127450984375 0.329248365625 0.609068628125 0.3243464046875 0.6072303921875 0.3259803921875 0.6102941171875 0.330882353125 0.6127450984375 0.329248365625
6 0.4932598046875 0.3578431375 0.4993872546875 0.35866013125 0.4993872546875 0.35702614375 0.49448529375000005 0.35702614375 0.4932598046875 0.3578431375
6 0.43504902031250003 0.4583333328125 0.4307598046875 0.45669934687499997 0.42892156875 0.4583333328125 0.43504902031250003 0.46241830000000006 0.43504902031250003 0.4583333328125
6 0.14767156875 0.4983660125 0.15625 0.491830065625 0.1556372546875 0.490196078125 0.146446078125 0.49591503281250005 0.14767156875 0.4983660125
6 0.1256127453125 0.7483660125 0.12254902031249999 0.7540849671875 0.1286764703125 0.7540849671875 0.1311274515625 0.7483660125 0.126225490625 0.741013071875 0.12316176406249998 0.7434640515625001 0.1256127453125 0.7483660125
6 0.109068628125 0.76960784375 0.0974264703125 0.7647058828125 0.0962009796875 0.76960784375 0.1060049015625 0.7753267968750001 0.109068628125 0.76960784375
6 0.203431371875 0.7475490203125 0.20772058750000003 0.7385620921875 0.20465686249999998 0.7385620921875 0.1985294125 0.7467320265625 0.203431371875 0.7475490203125
6 0.640318628125 0.437091503125 0.6482843140625 0.43382352968750004 0.6488970593750001 0.43055555625 0.6390931375 0.43464052343750004 0.640318628125 0.437091503125
6 0.83823529375 0.40196078437500005 0.8296568625 0.3962418296875 0.827818628125 0.3978758171875 0.8376225484375001 0.4060457515625 0.83823529375 0.40196078437500005
6 0.43382352968750004 0.85539215625 0.43504902031250003 0.8521241828124999 0.427696078125 0.83986928125 0.424632353125 0.8447712421875 0.43014705937500003 0.85620915 0.43382352968750004 0.85539215625
6 0.74448529375 0.10294117656249999 0.7389705875 0.1013071890625 0.737132353125 0.10212418281249999 0.7438725484375001 0.1045751640625 0.74448529375 0.10294117656249999
6 0.9552696078125 0.1045751640625 0.94914215625 0.1045751640625 0.94914215625 0.10620915 0.9552696078125 0.10702614375 0.9552696078125 0.1045751640625