35 0.1311274515625 0.738664215625 0.169117646875 0.7454044125 0.19689542499999999 0.7567401953124999 0.2177287578125 0.7745098046875001 0.23202614375000002 0.681678921875 0.23325163437500002 0.6666666671875 0.221813725 0.6544117640625 0.203431371875 0.6458333328125 0.17361111093749998 0.640318628125 0.14665032656250002 0.6443014703125 0.12826797343750002 0.6541053921875 0.0596405234375 0.7484681375 0.09109477187500001 0.738664215625 0.1311274515625 0.738664215625
41 0.0408496734375 0.7631740203125 0.0383986921875 0.775428921875 0.038807189062500004 0.787071078125 0.042483659374999996 0.7984068625 0.046977123437500004 0.808210784375 0.055555556250000006 0.81801470625 0.07271241875 0.8272058828125 0.0919117640625 0.8345588234375001 0.11928104531249999 0.839460784375 0.1470588234375 0.8391544124999999 0.17810457500000001 0.8318014703125 0.19444444375 0.8213848046875001 0.20179738593750002 0.81648284375 0.212826796875 0.8066789218749999 0.2193627453125 0.7984068625 0.22263071874999998 0.7886029406249999 0.2189542484375 0.77420343125 0.197303921875 0.755821078125 0.17075163437500002 0.745710784375 0.1364379078125 0.7395833328125 0.10498365937500001 0.7380514703125 0.0780228765625 0.7435661765625 0.062091503125 0.7475490203125 0.0506535953125 0.75398284375 0.0408496734375 0.7631740203125
20 0.5702614374999999 0.22886029375 0.5567810453125001 0.22732843125 0.544117646875 0.231311275 0.533905228125 0.26930147031249996 0.52736928125 0.297181371875 0.526960784375 0.3048406859375 0.5118464046875 0.3229166671875 0.50081699375 0.3416053921875 0.48366013125 0.43014705937500003 0.484068628125 0.437806371875 0.491830065625 0.4466911765625 0.5065359484374999 0.452818628125 0.52573529375 0.4546568625 0.544934640625 0.4515931375 0.5584150328125 0.4439338234375 0.58047385625 0.35263480468749997 0.58210784375 0.3391544125 0.5751633984375 0.3235294125 0.571486928125 0.312806371875 0.571486928125 0.304227940625 0.5739379078125 0.2858455875 0.5767973859375 0.26194852968750004 0.581699346875 0.2423406859375 0.581699346875 0.23590686249999998 0.5702614374999999 0.22886029375
6 0.6805555562500001 0.2984068625 0.6989379078125 0.31587009843749997 0.7083333328125 0.312193628125 0.6952614374999999 0.298100490625 0.687908496875 0.2919730390625 0.6805555562500001 0.2984068625
6 0.6180555562500001 0.41237745156249994 0.5919117640625 0.4212622546875 0.6017156859375 0.42493872499999996 0.6200980390625 0.41819852968750004 0.6180555562500001 0.41237745156249994
6 0.7030228765625 0.11519607812499999 0.7536764703125 0.117647059375 0.7540849671875 0.1087622546875 0.70383986875 0.10692402031249999 0.7030228765625 0.11519607812499999
6 0.8337418296875001 0.1495098046875 0.8247549015625 0.1455269609375 0.812908496875 0.14368872500000002 0.794934640625 0.13664215625 0.7900326796875 0.140625 0.8080065359375 0.1495098046875 0.8169934640625 0.150428921875 0.828431371875 0.1556372546875 0.8337418296875001 0.1495098046875
11 0.59763071875 0.54289215625 0.6119281046875 0.543811275 0.7438725484375001 0.5563725484375001 0.7553104578125 0.5563725484375001 0.7671568625 0.5404411765625 0.76960784375 0.5294117640625 0.7712418296875 0.521446078125 0.7712418296875 0.5104166671875 0.7671568625 0.500306371875 0.6205065359375 0.46507352968750004 0.615196078125 0.4595588234375 0.6029411765625 0.4610906859375 0.5931372546875 0.4696691171875 0.5857843140625 0.484068628125 0.579248365625 0.505821078125 0.57883986875 0.530024509375 0.5780228765625 0.541053921875 0.5849673203125 0.5462622546875 0.59763071875 0.54289215625
41 0.58986928125 0.458946078125 0.5755718953125 0.46170343125 0.56168300625 0.46875 0.55228758125 0.4767156859375 0.546568628125 0.48927696093749995 0.543300653125 0.498774509375 0.542483659375 0.5073529406249999 0.545751634375 0.5189950984375 0.5551470593750001 0.530943628125 0.5665849671875 0.5376838234375 0.5776143796875 0.54289215625 0.582516340625 0.546568628125 0.589460784375 0.547181371875 0.6000816999999999 0.5395220593750001 0.60866013125 0.528492646875 0.61478758125 0.515931371875 0.6180555562500001 0.502757353125 0.6209150328125 0.48805147031249996 0.6217320265625 0.474571078125 0.6217320265625 0.46476715625000004 0.616830065625 0.46047794062499997 0.607434640625 0.4595588234375 0.58986928125 0.458946078125
42 0.729983659375 0.5346200984375 0.7128267968750001 0.528492646875 0.6813725484375001 0.5217524515624999 0.46527777812500004 0.4672181375 0.46568627500000004 0.47303921562499995 0.6813725484375001 0.528492646875 0.7193627453125 0.5358455875 0.729983659375 0.5346200984375
6 0.5829248359375 0.4908088234375 0.5661764703125 0.4828431375 0.562908496875 0.48835784374999996 0.5780228765625 0.49509803906250005 0.5829248359375 0.4908088234375
6 0.5208333328125 0.4935661765625 0.5326797390625 0.49693627500000004 0.533905228125 0.49142156875 0.50857843125 0.4849877453125 0.5053104578125 0.4908088234375 0.5208333328125 0.4935661765625
6 0.6801470593750001 0.013786764062500002 0.669934640625 0.00704656875 0.6556372546875 0.022977940625000002 0.65849673125 0.027879901562499997 0.65849673125 0.0330882359375 0.6801470593750001 0.013786764062500002
6 0.5330882359375 0.6360294125 0.5396241828125 0.6357230390625 0.5420751640625 0.6182598046875001 0.536356209375 0.6185661765625 0.5330882359375 0.6360294125