45 0.806640625 0.03857421875 0.8138020828125001 0.0400390625 0.8131510421874999 0.0322265625 0.826171875 0.03173828125 0.8274739578125001 0.02392578125 0.818359375 0.02197265625 0.8079427078125001 0.03271484375 0.806640625 0.03857421875
45 0.21875 0.43798828125 0.20768229218749998 0.43408203125 0.20442708281250002 0.44091796875 0.21744791718749998 0.4482421875 0.21875 0.43798828125
45 0.5110677078125 0.4833984375 0.515625 0.478515625 0.5169270828125 0.4697265625 0.5065104171875 0.46630859375 0.5006510421875 0.4814453125 0.5110677078125 0.4833984375
45 0.6048177078125 0.486328125 0.6009114578125 0.48095703125 0.5826822921875 0.4814453125 0.5826822921875 0.48974609375 0.599609375 0.49072265625 0.6048177078125 0.486328125
45 0.2877604171875 0.92919921875 0.2779947921875 0.935546875 0.2845052078125 0.9423828125 0.2962239578125 0.93701171875 0.2877604171875 0.92919921875
29 0.4557291671875 0.9638671875 0.4016927078125 0.9375 0.3997395828125 0.9423828125 0.4518229171875 0.96875 0.4557291671875 0.9638671875
57 0.5559895828125 0.2490234375 0.564453125 0.25732421875 0.57421875 0.24462890625 0.5696614578125 0.23193359375 0.5592447921875 0.23681640625 0.5559895828125 0.2490234375
29 0.841796875 0.16796875 0.9095052078125001 0.14013671875 0.9069010421874999 0.13525390625 0.84765625 0.16259765625 0.841796875 0.16796875
6 0.5813802078125 0.35302734375 0.5983072921875 0.33837890625 0.58984375 0.33642578125 0.5768229171875 0.34619140625 0.5813802078125 0.35302734375
6 0.1451822921875 0.52880859375 0.1282552078125 0.537109375 0.1341145828125 0.54345703125 0.1490885421875 0.53662109375 0.1451822921875 0.52880859375
6 0.9889322921874999 0.68505859375 0.9694010421874999 0.69287109375 0.9752604171874999 0.697265625 0.9954427078125001 0.69140625 0.9889322921874999 0.68505859375
6 0.22200520781250002 0.9658203125 0.20638020781250002 0.96435546875 0.20638020781250002 0.970703125 0.22135416718749998 0.97314453125 0.22200520781250002 0.9658203125
6 0.08072916718749999 0.9580078125 0.08463541718749999 0.94921875 0.07356770781250001 0.95263671875 0.06184895781250001 0.95166015625 0.06380208281250001 0.95703125 0.08072916718749999 0.9580078125
6 0.4609375 0.89453125 0.4817708328125 0.88427734375 0.4772135421875 0.8779296875 0.455078125 0.8896484375 0.4609375 0.89453125