43 0.6568627453125 0.5130718953125 0.655024509375 0.5049019609375 0.65226715625 0.5016339875 0.6498161765625 0.50081699375 0.6488970593750001 0.491013071875 0.6473651953124999 0.4767156859375 0.64613970625 0.46527777812500004 0.6443014703125 0.454248365625 0.6427696078125 0.446486928125 0.640318628125 0.44526143749999997 0.639399509375 0.447303921875 0.6390931375 0.4530228765625 0.6397058828125 0.46405228750000005 0.6412377453125 0.47426470624999995 0.6430759796875 0.4852941171875 0.6455269609375 0.50081699375 0.6439950984375 0.5024509796875 0.6427696078125 0.5040849671875 0.6415441171875 0.508986928125 0.641850490625 0.5142973859375 0.6427696078125 0.5212418296875 0.64460784375 0.52736928125 0.6556372546875 0.52573529375 0.6577818625 0.5245098046875001 0.6568627453125 0.5130718953125
57 0.7212009796875 0.4146241828125 0.7276348046875001 0.3884803921875 0.724571078125 0.385620915625 0.719056371875 0.41094771249999995 0.7212009796875 0.4146241828125
6 0.964460784375 0.4852941171875 0.9938725484375001 0.49591503281250005 0.9950980390625 0.48856209218749996 0.967524509375 0.4795751640625 0.964460784375 0.4852941171875
6 0.8547794124999999 0.3047385625 0.8700980390625 0.329248365625 0.875 0.32516339843750003 0.859681371875 0.3014705875 0.8547794124999999 0.3047385625
6 0.59926470625 0.5751633984375 0.5759803921875 0.5743464046875 0.5765931375 0.5841503265625 0.5955882359375 0.5857843140625 0.5998774515624999 0.578431371875 0.59926470625 0.5751633984375
6 0.271446078125 0.5383986921874999 0.2708333328125 0.5294117640625 0.2634803921875 0.5294117640625 0.26899509843749997 0.5563725484375001 0.2751225484375 0.5555555562500001 0.271446078125 0.5383986921874999
6 0.34375 0.23692810468749997 0.327818628125 0.20751634062500002 0.32475490156250003 0.20833333281250002 0.32414215625 0.21323529375 0.34068627500000004 0.241013071875 0.34375 0.23692810468749997
6 0.8192401953124999 0.1078431375 0.82414215625 0.1217320265625 0.8327205875000001 0.12581699375 0.840686275 0.1217320265625 0.840686275 0.11928104531249999 0.8370098046875001 0.11928104531249999 0.828431371875 0.11601307187500001 0.82414215625 0.10620915 0.8192401953124999 0.1078431375
6 0.8106617640625 0.12745097968750002 0.784313725 0.1364379078125 0.7806372546875 0.14460784375 0.78982843125 0.1454248359375 0.8125 0.135620915625 0.8106617640625 0.12745097968750002
6 0.8204656859374999 0.1004901953125 0.8235294124999999 0.0874183 0.8100490203125 0.0866013078125 0.8125 0.11601307187500001 0.8186274515624999 0.11601307187500001 0.8204656859374999 0.1004901953125
6 0.559436275 0.098856209375 0.5606617640625 0.14379085 0.56801470625 0.14379085 0.5649509796875 0.098039215625 0.559436275 0.098856209375
6 0.47181372499999996 0.21486928125000002 0.4522058828125 0.23120915000000003 0.4540441171875 0.23856209218750002 0.47487745156249994 0.2197712421875 0.47181372499999996 0.21486928125000002
6 0.25 0.2540849671875 0.25245097968749997 0.27450980468749997 0.25857843125 0.2736928109375 0.25674019531250003 0.2540849671875 0.25 0.2540849671875
6 0.0876225484375 0.1495098046875 0.086397059375 0.1495098046875 0.08333333281250001 0.1748366015625 0.086397059375 0.1756535953125 0.0876225484375 0.1495098046875
6 0.15441176406249998 0.1217320265625 0.1501225484375 0.10294117656249999 0.146446078125 0.1045751640625 0.1482843140625 0.12009803906250001 0.1525735296875 0.12418300625 0.15441176406249998 0.1217320265625
6 0.08517156875000001 0.242647059375 0.0931372546875 0.2434640515625 0.092524509375 0.23611111093749998 0.0845588234375 0.2344771234375 0.08517156875000001 0.242647059375
6 0.2493872546875 0.01960784375 0.2481617640625 0.0408496734375 0.25306372499999996 0.0383986921875 0.254289215625 0.0204248359375 0.2493872546875 0.01960784375
6 0.8039215687500001 0.7736928109375001 0.82414215625 0.784313725 0.8265931375 0.776143790625 0.808210784375 0.7638888890625 0.8039215687500001 0.7736928109375001