7 0.7515318625 0.534313725 0.753063725 0.5151143796875 0.747242646875 0.49223856250000003 0.7141544125 0.43055555625 0.7068014703125 0.4223856203125 0.6893382359375 0.3864379078125 0.6822916671875 0.375 0.671875 0.36478758125 0.6547181375 0.3696895421875 0.644914215625 0.3799019609375 0.636335784375 0.3954248359375 0.646446078125 0.426879084375 0.6645220593750001 0.45383986875 0.6697303921875 0.47140522812499996 0.690257353125 0.5155228765625 0.7022058828125 0.5359477125 0.7221200984375 0.5510620921875 0.72579656875 0.5563725484375001 0.734681371875 0.57107843125 0.74295343125 0.5702614374999999 0.7549019609375 0.562908496875 0.7610294125 0.551879084375 0.7561274515624999 0.5396241828125 0.7515318625 0.534313725
38 0.730085784375 0.56331699375 0.733149509375 0.57107843125 0.74295343125 0.5698529406249999 0.7549019609375 0.5625 0.7607230390625 0.5510620921875 0.7561274515624999 0.5412581703125 0.754289215625 0.5453431375 0.746936275 0.5547385625000001 0.7380514703125 0.5625 0.730085784375 0.56331699375
6 0.77726715625 0.49632352968750004 0.7591911765625 0.48080065312500003 0.753063725 0.4889705875 0.77113970625 0.5049019609375 0.77726715625 0.49632352968750004
6 0.7797181375 0.4681372546875 0.7631740203125 0.46609477187500004 0.76164215625 0.47508169999999994 0.7797181375 0.4775326796875 0.7797181375 0.4681372546875
54 0.35232843125 0.3827614375 0.34712009843749997 0.3799019609375 0.3541666671875 0.372957515625 0.3455882359375 0.3684640515625 0.34068627500000004 0.36805555624999997 0.33210784375 0.373774509375 0.3229166671875 0.37867647031249996 0.3201593140625 0.372957515625 0.3143382359375 0.3615196078125 0.30575980468749997 0.36478758125 0.2987132359375 0.358251634375 0.2947303921875 0.3615196078125 0.2962622546875 0.3672385625 0.3060661765625 0.374591503125 0.30698529375 0.3803104578125 0.29993872499999996 0.3827614375 0.2977941171875 0.3954248359375 0.3017769609375 0.4044117640625 0.3060661765625 0.4150326796875 0.309742646875 0.4150326796875 0.3143382359375 0.42728758125 0.323835784375 0.43218954218750005 0.3376225484375 0.421568628125 0.3431372546875 0.4227941171875 0.3483455875 0.419117646875 0.34712009843749997 0.40073529375000005 0.35232843125 0.3962418296875 0.356617646875 0.38725490156250003 0.35232843125 0.3827614375
12 0.18504902031249998 0.5294117640625 0.19761029375 0.52573529375 0.2080269609375 0.5061274515624999 0.21170343125 0.48733660156249997 0.20894607812500002 0.4697712421875 0.18198529375 0.42606209218749996 0.1752450984375 0.41789215625000004 0.1608455875 0.419117646875 0.151960784375 0.419934640625 0.14613970625 0.428104575 0.141850490625 0.44362745156249994 0.14307597968750002 0.4595588234375 0.143382353125 0.47140522812499996 0.1764705875 0.5294117640625 0.18504902031249998 0.5294117640625
45 0.151960784375 0.448120915625 0.15441176406249998 0.4517973859375 0.1583946078125 0.44893790781250004 0.15625 0.428104575 0.1498161765625 0.427696078125 0.1495098046875 0.437091503125 0.151960784375 0.448120915625
6 0.0389093140625 0.48120915000000003 0.05085784375 0.47589869218749997 0.05238970625 0.47181372499999996 0.0493259796875 0.4693627453125 0.0361519609375 0.47344771249999995 0.0389093140625 0.48120915000000003
6 0.024203431249999997 0.41339869218749997 0.0193014703125 0.41258169999999994 0.0140931375 0.43464052343750004 0.022671568750000003 0.43504902031250003 0.024203431249999997 0.41339869218749997
6 0.2049632359375 0.4240196078125 0.20894607812500002 0.40359477187500004 0.2012867640625 0.3978758171875 0.1966911765625 0.42116013125 0.2049632359375 0.4240196078125
6 0.1697303921875 0.4697712421875 0.1795343140625 0.44526143749999997 0.174632353125 0.4375 0.16881127499999998 0.455882353125 0.1654411765625 0.46568627500000004 0.1697303921875 0.4697712421875
57 0.0873161765625 0.393382353125 0.0735294125 0.391748365625 0.0735294125 0.428104575 0.0860906859375 0.42728758125 0.0873161765625 0.393382353125
6 0.099571078125 0.41952614375 0.10814950937500001 0.393382353125 0.1004901953125 0.391748365625 0.0946691171875 0.41748365937500004 0.099571078125 0.41952614375