7 0.48805147031249996 0.3439542484375 0.490196078125 0.3521241828125 0.4895833328125 0.366013071875 0.48774509843749997 0.37581699375 0.4852941171875 0.38357843125 0.4859068625 0.3954248359375 0.490196078125 0.3966503265625 0.4911151953125 0.39419934687499997 0.49387254843750006 0.392565359375 0.49509803906250005 0.3986928109375 0.4978553921875 0.3991013078125 0.499693628125 0.3970588234375 0.5018382359375 0.392565359375 0.5033700984375 0.38725490156250003 0.503063725 0.37785947656249996 0.5018382359375 0.37418300625 0.502757353125 0.3684640515625 0.5036764703125 0.3631535953125 0.5045955875 0.34681372499999996 0.5049019609375 0.3337418296875 0.504289215625 0.3255718953125 0.5009191171875 0.3186274515625 0.4984681375 0.313725490625 0.4984681375 0.3047385625 0.49601715625000004 0.303104575 0.4935661765625 0.3010620921875 0.49050245156249994 0.303513071875 0.49050245156249994 0.310457515625 0.4889705875 0.3141339875 0.4865196078125 0.3169934640625 0.4837622546875 0.32516339843750003 0.483149509375 0.3333333328125 0.484375 0.339460784375 0.48805147031249996 0.3439542484375
7 0.6204044125 0.5870098046875001 0.6228553921875 0.58986928125 0.6228553921875 0.5951797390625 0.6204044125 0.598039215625 0.61642156875 0.6021241828125 0.613664215625 0.606617646875 0.6112132359375 0.6188725484375001 0.6102941171875 0.62581699375 0.6112132359375 0.6303104578125 0.61488970625 0.634395425 0.6182598046875001 0.63521241875 0.6216299015625 0.634803921875 0.6240808828125 0.6315359484374999 0.6259191171875 0.62581699375 0.628063725 0.616013071875 0.629289215625 0.6098856203125 0.630821078125 0.6078431375 0.63204656875 0.6017156859375 0.6332720593750001 0.5947712421875 0.6326593140625 0.590277778125 0.6314338234375 0.5861928109375001 0.6314338234375 0.5837418296875 0.6317401953124999 0.58129085 0.63204656875 0.579248365625 0.630821078125 0.5780228765625 0.629289215625 0.5776143796875 0.6268382359375 0.578431371875 0.626225490625 0.58047385625 0.625 0.582516340625 0.6234681375 0.5833333328125 0.6216299015625 0.5853758171875 0.6204044125 0.5870098046875001
7 0.68198529375 0.528594771875 0.6807598046875001 0.528186275 0.6780024515624999 0.5314542484375 0.6755514703125 0.5359477125 0.6737132359375 0.5388071890624999 0.6734068625 0.5420751640625 0.673100490625 0.545751634375 0.6752450984375 0.5469771234375 0.67738970625 0.544934640625 0.6798406859375 0.54370915 0.6825980390625 0.5383986921874999 0.6850490203125 0.533905228125 0.68351715625 0.5298202609375 0.68198529375 0.528594771875
20 0.610600490625 0.3272058828125 0.6118259796875 0.32516339843750003 0.609375 0.321895425 0.6078431375 0.320669934375 0.6056985296875 0.3174019609375 0.60232843125 0.31617647031249996 0.5885416671875 0.314542484375 0.5870098046875001 0.31576797343749996 0.5860906859375 0.31944444375000003 0.58363970625 0.3235294125 0.5848651953124999 0.3280228765625 0.5891544125 0.330882353125 0.5955882359375 0.33129084999999997 0.59926470625 0.332516340625 0.6044730390625 0.33210784375 0.6060049015625 0.33047385625 0.6075367640625 0.32883986875 0.610600490625 0.3272058828125
13 0.5275735296875 0.3807189546875 0.534007353125 0.384395425 0.5389093140625 0.37826797343749996 0.54289215625 0.3709150328125 0.54289215625 0.3672385625 0.5376838234375 0.36642156875 0.5337009796875 0.364379084375 0.5321691171875 0.3635620921875 0.5373774515624999 0.34068627500000004 0.5401348046875001 0.3280228765625 0.5318627453125 0.321895425 0.530024509375 0.321486928125 0.52726715625 0.322303921875 0.5220588234375 0.322303921875 0.521446078125 0.3272058828125 0.5208333328125 0.3333333328125 0.5205269609375 0.33823529375 0.5205269609375 0.3419117640625 0.51960784375 0.348039215625 0.519914215625 0.35539215625 0.52267156875 0.36478758125 0.5275735296875 0.3807189546875
57 0.52420343125 0.0379901953125 0.5306372546875 0.044934640625 0.532475490625 0.04289215625 0.5321691171875 0.0294117640625 0.52726715625 0.024918299999999997 0.52420343125 0.0204248359375 0.52113970625 0.0232843140625 0.521446078125 0.0294117640625 0.52420343125 0.0379901953125
57 0.5358455875 0.40277777812500004 0.537071078125 0.40114379062500005 0.5361519609375 0.3986928109375 0.534313725 0.3978758171875 0.531556371875 0.3962418296875 0.5287990203125 0.40032679687500006 0.5278799015625 0.40277777812500004 0.52726715625 0.4056372546875 0.5294117640625 0.4076797390625 0.5287990203125 0.40849673124999997 0.5294117640625 0.41176470624999995 0.5297181375 0.41258169999999994 0.530024509375 0.4142156859375 0.5327818625 0.41339869218749997 0.534007353125 0.4068627453125 0.5358455875 0.40277777812500004
57 0.55392156875 0.46119281093750003 0.55698529375 0.4693627453125 0.5588235296875 0.47099673124999997 0.5600490203125 0.4697712421875 0.5609681375 0.46160130781250003 0.5600490203125 0.4587418296875 0.5575980390625 0.4583333328125 0.55545343125 0.4599673203125 0.55392156875 0.46119281093750003
57 0.8014705875000001 0.89133986875 0.8030024515624999 0.895016340625 0.8030024515624999 0.8978758171875001 0.8005514703125 0.90073529375 0.7987132359375 0.9048202609375 0.8054534312499999 0.8999183000000001 0.8045343140625001 0.8843954249999999 0.8033088234375001 0.8831699343749999 0.801164215625 0.8876633984375 0.8014705875000001 0.89133986875
57 0.731311275 0.3688725484375 0.731311275 0.366013071875 0.7291666671875 0.367647059375 0.72732843125 0.37418300625 0.730085784375 0.375408496875 0.7306985296875 0.37418300625 0.731311275 0.3688725484375
35 0.5395220593750001 0.6491013078125001 0.54136029375 0.6486928109375001 0.5431985296875 0.6466503265625 0.5444240203125 0.643382353125 0.5444240203125 0.6405228765625 0.541053921875 0.627042484375 0.5392156859375 0.624591503125 0.535539215625 0.6209150328125 0.5321691171875 0.6209150328125 0.5287990203125 0.6225490203125 0.52726715625 0.625 0.5260416671875 0.63357843125 0.5287990203125 0.6392973859375 0.531556371875 0.642565359375 0.534007353125 0.6454248359375 0.53676470625 0.6491013078125001 0.5395220593750001 0.6491013078125001
33 0.5600490203125 0.44526143749999997 0.5563725484375001 0.44199346406249995 0.5560661765625 0.44281045781249995 0.5557598046875001 0.447303921875 0.5551470593750001 0.4505718953125 0.5536151953124999 0.4513888890625 0.55238970625 0.45547385625 0.5514705875 0.4599673203125 0.5545343140625 0.4599673203125 0.5579044125 0.4583333328125 0.559436275 0.4587418296875 0.561274509375 0.45751634062499996 0.561274509375 0.4517973859375 0.5591299015625 0.4513888890625 0.5600490203125 0.44526143749999997
12 0.715992646875 0.588643790625 0.72273284375 0.590277778125 0.72426470625 0.5878267968750001 0.7248774515624999 0.5849673203125 0.7236519609375 0.5833333328125 0.7172181375 0.580882353125 0.7141544125 0.582516340625 0.7141544125 0.5861928109375001 0.715992646875 0.588643790625