49 0.41500000000000004 0.3075657890625 0.41500000000000004 0.3015350875 0.40325 0.3009868421875 0.4 0.3075657890625 0.39975 0.351973684375 0.40599999999999997 0.3700657890625 0.4225 0.3728070171875 0.4245 0.379385965625 0.43 0.3826754390625 0.441 0.38103070156249996 0.442 0.36293859687499996 0.44575 0.3459429828125 0.43899999999999995 0.3256578953125 0.4325 0.3174342109375 0.41500000000000004 0.3075657890625
39 0.3725 0.7319078953125 0.37025 0.74616228125 0.365 0.7576754390625 0.36475 0.773026315625 0.36724999999999997 0.7927631578125001 0.37 0.7927631578125001 0.37525 0.7927631578125001 0.381 0.78673245625 0.3855 0.7828947375 0.39275000000000004 0.7680921046875 0.396 0.7478070171875 0.40025000000000005 0.7379385968750001 0.40499999999999997 0.73519736875 0.40925 0.7258771937499999 0.41050000000000003 0.7127192984375 0.41100000000000003 0.684758771875 0.409 0.6578947375 0.4175 0.6408991234375 0.42474999999999996 0.626096490625 0.42225 0.6118421046875 0.41675000000000006 0.5959429828125 0.41224999999999995 0.5877192984375 0.41050000000000003 0.5783991234375 0.40800000000000003 0.5723684203125 0.39475 0.570723684375 0.39249999999999996 0.55866228125 0.40549999999999997 0.5603070171875 0.4035 0.5515350875 0.39275000000000004 0.5537280703125 0.3895 0.5383771937499999 0.37825000000000003 0.5263157890625 0.3685 0.52576754375 0.36150000000000004 0.5422149125 0.35875 0.5619517546874999 0.35750000000000004 0.58826754375 0.35825 0.6233552625 0.3685 0.6430921046875 0.36425 0.6513157890625 0.37275 0.6683114031249999 0.3805 0.680921053125 0.37425 0.684758771875 0.372 0.7083333328125 0.3725 0.7319078953125
57 0.33125 0.758223684375 0.3315 0.7790570171875 0.33849999999999997 0.7697368421874999 0.343 0.7686403515625 0.35 0.7615131578125001 0.34500000000000003 0.7549342109375 0.34049999999999997 0.75 0.335 0.7313596484375 0.33125 0.7390350875 0.33125 0.758223684375
57 0.062 0.740679825 0.0655 0.7428728062500001 0.07675 0.743421053125 0.091 0.7549342109375 0.091 0.74451754375 0.08725000000000001 0.7313596484375 0.08625000000000001 0.7154605265625 0.08525 0.7028508765625 0.0795 0.6825657890625 0.08199999999999999 0.662828946875 0.086 0.660635965625 0.091 0.655153509375 0.07975 0.6408991234375 0.07575 0.633223684375 0.07475000000000001 0.61019736875 0.0715 0.5877192984375 0.068 0.56798245625 0.07025 0.5564692984375 0.06999999999999999 0.5444078953125 0.0675 0.537828946875 0.05825 0.5422149125 0.05125 0.5553728062500001 0.0435 0.57894736875 0.046 0.5904605265625 0.046 0.6047149125 0.0455 0.631578946875 0.04675 0.6502192984375 0.04975 0.6584429828125 0.054000000000000006 0.678179825 0.05175 0.6891447375 0.057499999999999996 0.70230263125 0.058499999999999996 0.721491228125 0.062 0.740679825
39 0.13899999999999998 0.9583333328125001 0.1325 0.9528508765625 0.132 0.9638157890624999 0.13799999999999998 0.9747807015625 0.14750000000000002 0.9638157890624999 0.154 0.945723684375 0.15425 0.92269736875 0.154 0.9084429828125 0.14750000000000002 0.92269736875 0.14225000000000002 0.9572368421874999 0.13899999999999998 0.9583333328125001
57 0.20125 0.4013157890625 0.20575000000000002 0.40460526249999995 0.21525 0.4259868421875 0.22725 0.42817982499999996 0.22725 0.40679824531250003 0.22475 0.3881578953125 0.20675 0.38048245625 0.1995 0.383223684375 0.20125 0.4013157890625
57 0.38475000000000004 0.9089912281249999 0.38875000000000004 0.8985745609375 0.3855 0.88048245625 0.37575 0.87116228125 0.35350000000000004 0.8782894734375001 0.33625 0.89144736875 0.33175 0.9095394734375001 0.32925 0.9440789468749999 0.33275 0.9791666671874999 0.35225 0.9731359656249999 0.35475 0.9994517546875 0.363 0.9956140343750001 0.37425 0.9983552625 0.379 0.986293859375 0.3825 0.9588815796875 0.3825 0.9385964906250001 0.38475000000000004 0.9089912281249999
57 0.13825 0.9786184203125 0.10925 0.9747807015625 0.10825 0.9972587718750001 0.14525 0.9978070171875 0.13825 0.9786184203125
57 0.41825 0.9216008765625 0.42275 0.9380482453125 0.42874999999999996 0.9265350874999999 0.43075 0.9128289468749999 0.43475 0.9013157890624999 0.43624999999999997 0.8689692984375 0.43949999999999995 0.8294956140625 0.43375 0.785635965625 0.42725 0.758223684375 0.426 0.7708333328125 0.42125 0.7872807015625 0.42000000000000004 0.81798245625 0.42474999999999996 0.8223684203125 0.4255 0.834429825 0.41900000000000004 0.834429825 0.41200000000000003 0.8563596484374999 0.41475 0.8815789468749999 0.41174999999999995 0.8947368421874999 0.41725 0.9013157890624999 0.41825 0.9216008765625
39 0.5295 0.7779605265625 0.5355000000000001 0.7680921046875 0.534 0.741776315625 0.52175 0.7368421046875 0.51675 0.7516447375 0.51825 0.7763157890625 0.52825 0.78508771875 0.5295 0.7779605265625
57 0.47050000000000003 0.9577850874999999 0.47850000000000004 0.9506578953125 0.487 0.928179825 0.48674999999999996 0.9089912281249999 0.48075 0.9073464906250001 0.4715 0.9089912281249999 0.46825 0.9265350874999999 0.46675000000000005 0.9506578953125 0.47050000000000003 0.9577850874999999