20 0.9484649125000001 0.79025 0.9506578953125 0.77525 0.8470394734375001 0.764 0.834429825 0.7615000000000001 0.8229166671874999 0.75825 0.7680921046875 0.754 0.7604166671875 0.76425 0.747258771875 0.76675 0.7308114031249999 0.77825 0.7171052625 0.787 0.8114035093749999 0.79325 0.8283991234375 0.79125 0.83826754375 0.7889999999999999 0.9484649125000001 0.79025
9 0.7609649125 0.7635 0.7702850875 0.74775 0.7790570171875 0.745 0.8020833328125001 0.746 0.8048245609375 0.737 0.80701754375 0.73325 0.8004385968750001 0.73 0.77741228125 0.73075 0.7154605265625 0.7505 0.701206140625 0.765 0.6962719296875 0.79075 0.7275219296875 0.77975 0.7401315796875 0.77225 0.747258771875 0.76675 0.7609649125 0.7635
25 0.48684210468750005 0.6375 0.48684210468750005 0.6245 0.47807017500000004 0.61525 0.4577850875 0.61525 0.44462719375 0.62775 0.44462719375 0.64175 0.45394736875 0.6515 0.46820175468749997 0.653 0.4791666671875 0.649 0.48684210468750005 0.6375
25 0.41282894687500005 0.58025 0.4111842109375 0.5715 0.403508771875 0.561 0.3892543859375 0.5599999999999999 0.3755482453125 0.5635 0.3651315796875 0.5725 0.3623903515625 0.5912499999999999 0.3771929828125 0.60275 0.3936403515625 0.6025 0.4013157890625 0.6 0.40789473750000005 0.5934999999999999 0.41282894687500005 0.58025
21 0.5904605265625 0.47525000000000006 0.5849780703125 0.45949999999999996 0.57730263125 0.45149999999999996 0.563596490625 0.45099999999999996 0.334429825 0.457 0.3157894734375 0.46775 0.30701754375 0.484 0.311403509375 0.5 0.31962719375000004 0.50875 0.33826754375 0.5155000000000001 0.5745614031249999 0.52425 0.587171053125 0.51375 0.5953947375 0.495 0.5904605265625 0.47525000000000006
21 0.72258771875 0.46749999999999997 0.716008771875 0.45775 0.5888157890625 0.45899999999999996 0.594846490625 0.48650000000000004 0.58991228125 0.5085 0.587171053125 0.51525 0.7165570171875 0.5157499999999999 0.723135965625 0.5035000000000001 0.7258771937499999 0.488 0.72258771875 0.46749999999999997
20 0.6354166671875 0.40925 0.701206140625 0.40275 0.7291666671875 0.40275 0.732456140625 0.38925 0.7330043859375001 0.3775 0.725328946875 0.37075 0.6907894734375 0.37 0.5411184203125 0.363 0.5115131578125001 0.36324999999999996 0.45449561406249994 0.36875 0.44407894687500005 0.377 0.440241228125 0.39275000000000004 0.44353070156249996 0.40425000000000005 0.46217105312499995 0.41500000000000004 0.4912280703125 0.41675000000000006 0.5197368421874999 0.41725 0.559758771875 0.41500000000000004 0.6354166671875 0.40925
21 0.7653508765625 0.37625000000000003 0.759320175 0.363 0.657346490625 0.36150000000000004 0.607456140625 0.36575 0.6408991234375 0.36675 0.69133771875 0.371 0.7247807015625 0.3705 0.7313596484375 0.37675000000000003 0.732456140625 0.3915 0.728070175 0.40275 0.6995614031249999 0.40275 0.634320175 0.41 0.688596490625 0.4095 0.7609649125 0.40525 0.76644736875 0.394 0.7653508765625 0.37625000000000003
20 0.8865131578125001 0.333 0.91173245625 0.3305 0.915570175 0.324 0.9150219296875 0.313 0.9073464906250001 0.30975 0.8854166671874999 0.31025 0.7702850875 0.3095 0.7505482453125001 0.30425 0.732456140625 0.30074999999999996 0.6896929828125 0.303 0.6825657890625 0.308 0.6666666671875 0.308 0.6595394734375 0.31 0.6502192984375 0.30975 0.5970394734375 0.314 0.5213815796875 0.32325 0.5197368421874999 0.3345 0.5241228062500001 0.34725 0.535635965625 0.3525 0.5537280703125 0.35375 0.7258771937499999 0.3505 0.747258771875 0.3485 0.7658991234375 0.34049999999999997 0.8865131578125001 0.333
20 0.6485745609375 0.309 0.6584429828125 0.3095 0.6683114031249999 0.3075 0.686403509375 0.30874999999999997 0.6891447375 0.2995 0.6891447375 0.27825 0.6803728062500001 0.269 0.6633771937499999 0.26775000000000004 0.651864034375 0.26749999999999996 0.6381578953125 0.268 0.47258771875 0.262 0.4265350875 0.262 0.3985745609375 0.26525 0.3563596484375 0.273 0.34978070156249996 0.28425 0.34923245625 0.29825 0.3563596484375 0.31225 0.373903509375 0.3235 0.42105263125 0.327 0.4577850875 0.32725 0.506578946875 0.32325 0.6485745609375 0.309
54 0.726973684375 0.5115000000000001 0.7209429828125 0.5085 0.717653509375 0.51625 0.5866228062500001 0.5155000000000001 0.5740131578125001 0.524 0.5625 0.5245 0.5575657890625 0.5427500000000001 0.548793859375 0.56175 0.7127192984375 0.5660000000000001 0.716008771875 0.5549999999999999 0.717653509375 0.533 0.726973684375 0.5115000000000001
39 1 0.601 0.9901315796875 0.5962500000000001 0.96326754375 0.592 0.9506578953125 0.59225 0.9495614031249999 0.585 0.94298245625 0.5845 0.9402412281249999 0.59325 0.9347587718750001 0.60475 0.9232456140625 0.60375 0.92105263125 0.6 0.9111842109375001 0.6 0.9078947375 0.597 0.8958333328125001 0.59675 0.8859649125000001 0.5862499999999999 0.8777412281249999 0.576 0.8607456140625 0.56775 0.8410087718750001 0.56475 0.7944078953125 0.55575 0.7872807015625 0.59525 0.78125 0.5965 0.7423245609375 0.596 0.7450657890625 0.5985 0.80866228125 0.6144999999999999 0.8706140343750001 0.6287499999999999 0.8777412281249999 0.634 0.9172149125000001 0.639 0.9490131578125001 0.63925 0.955043859375 0.63625 0.97423245625 0.63975 1 0.647828125 1 0.601
54 0.6513157890625 0.26275 0.6567982453125001 0.2605 0.664473684375 0.26675 0.678179825 0.26375000000000004 0.68201754375 0.25825 0.6896929828125 0.26549999999999996 0.695723684375 0.25475 0.6875 0.24900000000000003 0.6962719296875 0.24075000000000002 0.696820175 0.231 0.686403509375 0.22625 0.642543859375 0.22549999999999998 0.6359649125 0.23475000000000001 0.6354166671875 0.24525000000000002 0.6441885968750001 0.24925000000000003 0.642543859375 0.25375000000000003 0.64144736875 0.257 0.649671053125 0.2555 0.6513157890625 0.26275
54 0.6178728062500001 0.21800000000000003 0.60855263125 0.213 0.6091008765625 0.20375000000000001 0.5986842109375 0.20175 0.5783991234375 0.20725 0.5794956140624999 0.21275 0.5729166671875 0.21425 0.565241228125 0.2355 0.5646929828125 0.23975 0.5701754390625 0.24900000000000003 0.576206140625 0.26549999999999996 0.601973684375 0.2665 0.6107456140624999 0.25175000000000003 0.6118421046875 0.23925000000000002 0.6200657890625 0.22549999999999998 0.6178728062500001 0.21800000000000003