2 0.30975 0.466008771875 0.2945 0.46710526249999995 0.28700000000000003 0.4884868421875 0.29725 0.5433114031249999 0.30375 0.5400219296875 0.3095 0.5438596484375 0.3305 0.5389254390625 0.3355 0.5263157890625 0.331 0.4775219296875 0.32525 0.46655701718750003 0.30975 0.466008771875
6 0.37575 0.3985745609375 0.3755 0.4265350875 0.3785 0.4248903515625 0.3795 0.3974780703125 0.37575 0.3985745609375
6 0.3095 0.600328946875 0.31525 0.6233552625 0.32 0.61951754375 0.314 0.5942982453125001 0.3095 0.600328946875
6 0.20175 0.43914473750000005 0.20325000000000001 0.47313596562500004 0.20875 0.47313596562500004 0.20675 0.4375 0.20175 0.43914473750000005
39 0.43475 0.460526315625 0.44000000000000006 0.4561403515625 0.4385 0.445723684375 0.4345 0.45230263125 0.43475 0.460526315625
25 0.5349999999999999 0.36293859687499996 0.534 0.372258771875 0.5365 0.3782894734375 0.5395 0.377741228125 0.5415 0.3700657890625 0.5415 0.3634868421875 0.538 0.357456140625 0.5349999999999999 0.36293859687499996
6 0.739 0.40021929843750004 0.73475 0.40789473750000005 0.737 0.41173245625000005 0.739 0.40021929843750004
6 0.09325 0.41173245625000005 0.10874999999999999 0.41173245625000005 0.10800000000000001 0.403508771875 0.09725 0.4013157890625 0.09325 0.41173245625000005
6 0.12125 0.92105263125 0.11775 0.9325657890624999 0.13425 0.9424342109375001 0.13725 0.9380482453125 0.133 0.9314692984375 0.12125 0.92105263125
6 0.04325 0.7828947375 0.05675 0.7763157890625 0.05475 0.7620614031249999 0.04025 0.7735745609375 0.04325 0.7828947375
6 0.36924999999999997 0.15241228125 0.37025 0.17982456093750002 0.37575 0.18037280625000002 0.373 0.1529605265625 0.36924999999999997 0.15241228125
57 0.61025 0.3251096484375 0.61075 0.3360745609375 0.619 0.3333333328125 0.619 0.3223684203125 0.61025 0.3251096484375
6 0.63075 0.6529605265625 0.6365000000000001 0.6633771937499999 0.639 0.66008771875 0.6325000000000001 0.6485745609375 0.63075 0.6529605265625
57 0.18875 0.8793859656249999 0.20049999999999998 0.8766447375 0.199 0.86019736875 0.18875 0.86019736875 0.18875 0.8793859656249999