35 0.5223214281249999 0.553240740625 0.528521825 0.5512566140625 0.5292658734375 0.537367725 0.5257936515625 0.43320105781249996 0.5200892859375 0.3670634921875 0.3072916671875 0.4209656078125 0.3023313484375 0.42625661406250004 0.3005952375 0.4365079359375 0.2983630953125 0.45667989374999995 0.3005952375 0.48115079375 0.3033234125 0.5112433859375 0.3075396828125 0.5300925921874999 0.313244046875 0.537367725 0.5193452375 0.5505952375 0.5223214281249999 0.553240740625
41 0.48065476250000005 0.571759259375 0.477678571875 0.59358465625 0.481646825 0.6246693125 0.491071428125 0.6448412703125 0.5014880953125 0.65641534375 0.5141369046875 0.666005290625 0.5270337296875 0.6742724875 0.5399305562500001 0.6755952375 0.5535714281249999 0.6742724875 0.568204365625 0.6679894187500001 0.578869046875 0.6610449734375 0.591021825 0.6491402109375 0.5959821421875 0.6382275125 0.6014384921875 0.6144179890625 0.6019345234375 0.5856481484375 0.5977182546875001 0.5552248671875 0.5915178578125 0.5456349203124999 0.5796130953125 0.534722221875 0.5677083328125 0.5271164015625 0.5580357140625 0.5224867718749999 0.5416666671875 0.5201719578125 0.53075396875 0.521164021875 0.5290178578125 0.5350529093749999 0.5292658734375 0.5509259265625001 0.5223214281249999 0.5535714281249999 0.518601190625 0.5519179890625 0.48859127031250005 0.5505952375 0.48065476250000005 0.571759259375
57 0.12103174531250001 0.53108465625 0.134424603125 0.5380290999999999 0.14087301562500001 0.514880953125 0.14409722187500001 0.5039682546875001 0.1418650796875 0.4950396828125 0.1354166671875 0.49140211562499997 0.1299603171875 0.49669312187500003 0.1302083328125 0.5105820109375 0.12103174531250001 0.53108465625
4 0.146329365625 0.860119046875 0.162946428125 0.859788359375 0.15699404687500002 0.853505290625 0.147321428125 0.8511904765624999 0.146329365625 0.860119046875
4 0.19097222187500001 0.8356481484374999 0.19196428593749998 0.828373015625 0.18427579375 0.833664021875 0.18650793593749998 0.840277778125 0.19097222187500001 0.8356481484374999
4 0.3033234125 0.8528439156250001 0.3050595234375 0.859126984375 0.30927579375 0.8518518515625001 0.3045634921875 0.8482142859374999 0.3033234125 0.8528439156250001
4 0.23635912656250002 0.7291666671875 0.2455357140625 0.7390873015625 0.24330357187499999 0.7278439156250001 0.23635912656250002 0.7291666671875
4 0.2638888890625 0.478174603125 0.2616567453125 0.47089947031249996 0.2549603171875 0.4699074078125 0.25099206406249996 0.48214285781250005 0.2638888890625 0.478174603125
4 0.1800595234375 0.54365079375 0.18799603125 0.5350529093749999 0.1800595234375 0.5257936515625 0.1758432546875 0.5333994703125 0.1800595234375 0.54365079375
4 0.1602182546875 0.5132275125 0.1550099203125 0.514880953125 0.1584821421875 0.528769840625 0.1626984125 0.5244709000000001 0.1626984125 0.5205026453125 0.1602182546875 0.5132275125
4 0.0019841265625 0.7552910046875 0.009920634375 0.759259259375 0.014136904687499998 0.749338625 0.008928571875000001 0.746362434375 0.0019841265625 0.7552910046875
4 0.38392857187499996 0.83167989375 0.39112103125000003 0.841269840625 0.3923611109375 0.8346560843749999 0.38740079375 0.828703703125 0.38392857187499996 0.83167989375
4 0.099454365625 0.084656084375 0.09499007968749999 0.0823412703125 0.0915178578125 0.0873015875 0.09697420625 0.0919312171875 0.103174603125 0.0922619046875 0.099454365625 0.084656084375
4 0.20808531718749998 0.884920634375 0.212549603125 0.8839285718750001 0.20882936562499999 0.878306878125 0.20510912656250002 0.8792989421874999 0.20808531718749998 0.884920634375
4 0.21949404687500002 0.71924603125 0.2264384921875 0.7251984125 0.2264384921875 0.716269840625 0.22048611093749998 0.7146164015625 0.21949404687500002 0.71924603125
4 0.2021329359375 0.9487433859375001 0.20833333281250002 0.95568783125 0.2095734125 0.9500661375 0.2043650796875 0.94378306875 0.2021329359375 0.9487433859375001
4 0.19866071406250002 0.9169973546874999 0.203125 0.9173280421875001 0.2053571421875 0.9143518515625001 0.19965277812499999 0.9107142859374999 0.19866071406250002 0.9169973546874999