35 0.2432598046875 0.19689542499999999 0.2254901953125 0.2177287578125 0.318321078125 0.23202614375000002 0.3333333328125 0.23325163437500002 0.3455882359375 0.221813725 0.3541666671875 0.203431371875 0.359681371875 0.17361111093749998 0.35569852968750004 0.14665032656250002 0.3458946078125 0.12826797343750002 0.2515318625 0.0596405234375 0.261335784375 0.09109477187500001 0.261335784375 0.1311274515625 0.2545955875 0.169117646875 0.2432598046875 0.19689542499999999
41 0.21292892187499998 0.038807189062500004 0.20159313750000002 0.042483659374999996 0.191789215625 0.046977123437500004 0.18198529375 0.055555556250000006 0.17279411718749998 0.07271241875 0.1654411765625 0.0919117640625 0.160539215625 0.11928104531249999 0.1608455875 0.1470588234375 0.1681985296875 0.17810457500000001 0.1786151953125 0.19444444375 0.18351715625 0.20179738593750002 0.193321078125 0.212826796875 0.20159313750000002 0.2193627453125 0.211397059375 0.22263071874999998 0.22579656875 0.2189542484375 0.24417892187499998 0.197303921875 0.254289215625 0.17075163437500002 0.2604166671875 0.1364379078125 0.26194852968750004 0.10498365937500001 0.2564338234375 0.0780228765625 0.25245097968749997 0.062091503125 0.24601715624999998 0.0506535953125 0.2368259796875 0.0408496734375 0.22457107812500002 0.0383986921875 0.21292892187499998 0.038807189062500004
20 0.768688725 0.544117646875 0.7306985296875 0.533905228125 0.702818628125 0.52736928125 0.6951593140625 0.526960784375 0.6770833328125 0.5118464046875 0.6583946078125 0.50081699375 0.5698529406249999 0.48366013125 0.562193628125 0.484068628125 0.5533088234375 0.491830065625 0.547181371875 0.5065359484374999 0.5453431375 0.52573529375 0.5484068625 0.544934640625 0.5560661765625 0.5584150328125 0.6473651953124999 0.58047385625 0.6608455875 0.58210784375 0.6764705875 0.5751633984375 0.687193628125 0.571486928125 0.6957720593750001 0.571486928125 0.7141544125 0.5739379078125 0.7380514703125 0.5767973859375 0.7576593140625 0.581699346875 0.7640931375 0.581699346875 0.77113970625 0.5702614374999999 0.77267156875 0.5567810453125001 0.768688725 0.544117646875
6 0.687806371875 0.7083333328125 0.701899509375 0.6952614374999999 0.7080269609375 0.687908496875 0.7015931375 0.6805555562500001 0.6841299015625 0.6989379078125 0.687806371875 0.7083333328125
6 0.575061275 0.6017156859375 0.5818014703125 0.6200980390625 0.5876225484375001 0.6180555562500001 0.5787377453125 0.5919117640625 0.575061275 0.6017156859375
6 0.8912377453125 0.7540849671875 0.8930759796875 0.70383986875 0.8848039218749999 0.7030228765625 0.8823529406249999 0.7536764703125 0.8912377453125 0.7540849671875
6 0.856311275 0.812908496875 0.86335784375 0.794934640625 0.859375 0.7900326796875 0.8504901953124999 0.8080065359375 0.8495710781250001 0.8169934640625 0.8443627453125 0.828431371875 0.8504901953124999 0.8337418296875001 0.8544730390625 0.8247549015625 0.856311275 0.812908496875
11 0.44362745156249994 0.7438725484375001 0.44362745156249994 0.7553104578125 0.4595588234375 0.7671568625 0.4705882359375 0.76960784375 0.478553921875 0.7712418296875 0.4895833328125 0.7712418296875 0.499693628125 0.7671568625 0.5349264703125 0.6205065359375 0.5404411765625 0.615196078125 0.5389093140625 0.6029411765625 0.5303308828125 0.5931372546875 0.515931371875 0.5857843140625 0.494178921875 0.579248365625 0.469975490625 0.57883986875 0.458946078125 0.5780228765625 0.4537377453125 0.5849673203125 0.45710784374999996 0.59763071875 0.45618872499999996 0.6119281046875 0.44362745156249994 0.7438725484375001
41 0.53125 0.56168300625 0.5232843140625 0.55228758125 0.5107230390625 0.546568628125 0.501225490625 0.543300653125 0.49264705937500003 0.542483659375 0.48100490156250003 0.545751634375 0.469056371875 0.5551470593750001 0.4623161765625 0.5665849671875 0.45710784374999996 0.5776143796875 0.453431371875 0.582516340625 0.452818628125 0.589460784375 0.46047794062499997 0.6000816999999999 0.471507353125 0.60866013125 0.484068628125 0.61478758125 0.497242646875 0.6180555562500001 0.5119485296875 0.6209150328125 0.525428921875 0.6217320265625 0.53523284375 0.6217320265625 0.5395220593750001 0.616830065625 0.5404411765625 0.607434640625 0.541053921875 0.58986928125 0.53829656875 0.5755718953125 0.53125 0.56168300625
42 0.47824754843750006 0.6813725484375001 0.5327818625 0.46527777812500004 0.526960784375 0.46568627500000004 0.471507353125 0.6813725484375001 0.4641544125 0.7193627453125 0.46537990156250003 0.729983659375 0.471507353125 0.7128267968750001 0.47824754843750006 0.6813725484375001
6 0.51164215625 0.562908496875 0.5049019609375 0.5780228765625 0.5091911765625 0.5829248359375 0.5171568625 0.5661764703125 0.51164215625 0.562908496875
6 0.50857843125 0.533905228125 0.5150122546875 0.50857843125 0.5091911765625 0.5053104578125 0.5064338234375 0.5208333328125 0.503063725 0.5326797390625 0.50857843125 0.533905228125
6 0.9770220593750001 0.6556372546875 0.9721200984375 0.65849673125 0.9669117640625 0.65849673125 0.9862132359375 0.6801470593750001 0.9929534312499999 0.669934640625 0.9770220593750001 0.6556372546875
6 0.38174019531250003 0.5420751640625 0.3814338234375 0.536356209375 0.3639705875 0.5330882359375 0.3642769609375 0.5396241828125 0.38174019531250003 0.5420751640625