33 0.043 0.82575 0.0323333328125 0.829 0.0266666671875 0.8390000000000001 0.0506666671875 0.83925 0.05600000000000001 0.835 0.059 0.82925 0.056333332812500005 0.8255000000000001 0.043 0.82575
33 0.037 0.81425 0.057999999999999996 0.8237500000000001 0.0736666671875 0.82575 0.098 0.817 0.088 0.81275 0.06 0.80475 0.037 0.81425
33 0.152 0.79025 0.16399999999999998 0.7877500000000001 0.152 0.77825 0.1386666671875 0.767 0.131 0.77125 0.126 0.7775000000000001 0.1233333328125 0.7845 0.1366666671875 0.794 0.144 0.7965 0.1486666671875 0.794 0.152 0.79025
39 0.1783333328125 0.73325 0.16999999999999998 0.7285 0.1536666671875 0.73075 0.1453333328125 0.73675 0.1423333328125 0.74325 0.147 0.756 0.159 0.76275 0.1673333328125 0.7715 0.175 0.77525 0.1823333328125 0.77325 0.179 0.782 0.1936666671875 0.788 0.199 0.7887500000000001 0.20600000000000002 0.78175 0.20566666718749999 0.77675 0.202 0.76725 0.1936666671875 0.768 0.20033333281250001 0.762 0.209 0.7565000000000001 0.2106666671875 0.7457499999999999 0.20099999999999998 0.7394999999999999 0.186 0.73325 0.1783333328125 0.73325
33 0.3536666671875 0.61375 0.3433333328125 0.59925 0.3353333328125 0.5912499999999999 0.33166666718750004 0.5972500000000001 0.3293333328125 0.601 0.318 0.6035 0.3156666671875 0.608 0.3036666671875 0.6065 0.31433333281250003 0.625 0.3506666671875 0.61775 0.3536666671875 0.61375
33 0.359 0.511 0.3406666671875 0.514 0.3186666671875 0.5155000000000001 0.317 0.51875 0.322 0.52425 0.3333333328125 0.53825 0.3413333328125 0.5509999999999999 0.33999999999999997 0.5700000000000001 0.3453333328125 0.5685 0.3556666671875 0.5705 0.364 0.56775 0.3583333328125 0.54575 0.356 0.538 0.37033333281249997 0.5265 0.3656666671875 0.52025 0.3826666671875 0.51325 0.37666666718749997 0.505 0.364 0.5115000000000001 0.359 0.511
33 0.41 0.55525 0.3983333328125 0.554 0.379 0.561 0.37033333281249997 0.5625 0.36633333281249997 0.5650000000000001 0.36266666718749996 0.568 0.3553333328125 0.5705 0.3466666671875 0.5690000000000001 0.3413333328125 0.5705 0.3406666671875 0.5780000000000001 0.352 0.5835 0.3656666671875 0.58475 0.374 0.5860000000000001 0.3786666671875 0.5912499999999999 0.38333333281250004 0.593 0.388 0.58675 0.41566666718749995 0.5860000000000001 0.42433333281249996 0.58425 0.43433333281250003 0.579 0.44733333281250004 0.56875 0.445 0.5582499999999999 0.4523333328125 0.55175 0.44266666718750003 0.541 0.4296666671875 0.5377500000000001 0.4296666671875 0.542 0.42000000000000004 0.5467500000000001 0.41733333281249996 0.5509999999999999 0.41 0.55525
33 0.3158547015625 0.5604615390625 0.31466666718749997 0.5600833328125 0.314170940625 0.5604423078125 0.3124871796875 0.5604230765625 0.3131666671875 0.5592916671875 0.3116666671875 0.5585 0.3062916671875 0.55915625 0.3057521359375 0.560346153125 0.3045 0.559375 0.30406837656249996 0.5603269234375 0.3027083328125 0.55959375 0.30238461562499996 0.5603076921875 0.3009166671875 0.5598124999999999 0.30070085468749996 0.5602884609375 0.299125 0.56003125 0.29901709374999996 0.56026923125 0.29733333281249996 0.56025 0.3113333328125 0.5785 0.339 0.5690000000000001 0.3401111109375 0.5625416671875 0.34616239375 0.5608076921875 0.363 0.561 0.370222221875 0.55725 0.3716666671875 0.5565 0.363 0.544 0.3593333328125 0.5467500000000001 0.3444786328125 0.5607884609375 0.3411111109375 0.56075 0.3403333328125 0.56125 0.33942735 0.5607307687499999 0.3386666671875 0.56185 0.3377435890625 0.5607115390625 0.3175384609375 0.56048076875 0.3161666671875 0.560875 0.3158547015625 0.5604615390625
33 0.526 0.49450000000000005 0.506 0.50275 0.5073333328125 0.507 0.5113333328125 0.508 0.5113333328125 0.51775 0.505 0.518 0.4956666671875 0.5255 0.49133333281249997 0.5115000000000001 0.487 0.514 0.48600000000000004 0.519 0.47933333281249996 0.519 0.487 0.52975 0.493 0.53725 0.4993333328125 0.54225 0.5056666671875 0.5515 0.511 0.5549999999999999 0.5156666671875 0.5589999999999999 0.5269999999999999 0.558 0.5363333328125 0.55525 0.5483333328125 0.55425 0.5676666671875 0.5467500000000001 0.5756666671875 0.545 0.5706666671875 0.54225 0.5660000000000001 0.53625 0.5646666671875 0.532 0.5526666671875 0.519 0.544 0.50625 0.5353333328125001 0.4915 0.526 0.49450000000000005
33 0.5686666671875 0.5822499999999999 0.5660000000000001 0.585 0.5599999999999999 0.587 0.5549999999999999 0.579 0.5426666671875 0.58075 0.5303333328125001 0.58525 0.5183333328125 0.5925 0.5093333328125 0.5974999999999999 0.523 0.62175 0.5349999999999999 0.61525 0.549 0.612 0.5636666671875 0.6115 0.576 0.60625 0.5833333328125 0.60625 0.5966666671875 0.603 0.587 0.587 0.591 0.57625 0.5776666671874999 0.57725 0.577 0.58025 0.5686666671875 0.5822499999999999
39 0.5763333328125 0.609 0.5646666671875 0.61175 0.5583333328125 0.616 0.5573333328125 0.6214999999999999 0.5519999999999999 0.62175 0.548 0.61975 0.5366666671875 0.6165 0.5296666671875 0.6214999999999999 0.5256666671875 0.62825 0.5256666671875 0.6335 0.5269999999999999 0.64325 0.5296666671875 0.64825 0.5309999999999999 0.65625 0.5373333328125 0.66125 0.542 0.66625 0.55 0.66725 0.5593333328125001 0.66975 0.568 0.66975 0.577 0.66875 0.583 0.665 0.5843333328125 0.65475 0.5933333328125 0.65075 0.5940000000000001 0.643 0.5953333328125 0.638 0.5906666671874999 0.63175 0.584 0.63175 0.5796666671875 0.62425 0.58 0.61775 0.5763333328125 0.609
39 0.5916666671875 0.5765 0.5863333328125 0.588 0.5966666671875 0.603 0.6056666671875 0.60825 0.6226666671875 0.612 0.635 0.62775 0.6156666671875 0.63375 0.62 0.63975 0.641 0.6435 0.6503333328124999 0.638 0.6643333328125001 0.621 0.678 0.62725 0.6849999999999999 0.635 0.6703333328125 0.64175 0.6716666671875 0.6487499999999999 0.692 0.6485000000000001 0.708 0.63625 0.701 0.626 0.6983333328125 0.6144999999999999 0.7226666671875 0.6184999999999999 0.7353333328125 0.6172500000000001 0.7416666671875001 0.61025 0.7326666671875001 0.6 0.7276666671875 0.593 0.7206666671875 0.5894999999999999 0.7156666671874999 0.5820000000000001 0.6626666671875 0.54725 0.654 0.545 0.6353333328125 0.5465 0.613 0.55425 0.6036666671875001 0.5622499999999999 0.5983333328125 0.57075 0.5916666671875 0.5765
39 0.7969999999999999 0.389 0.8046666671875 0.39475 0.8099999999999999 0.3895 0.8166666671874999 0.3805 0.8123333328125 0.373 0.8130000000000001 0.363 0.8186666671875 0.35825 0.8273333328125 0.34575 0.8273333328125 0.33875 0.8173333328125001 0.33825 0.8009999999999999 0.34975 0.7936666671875 0.3625 0.7936666671875 0.35375 0.791 0.35075 0.7793333328125 0.34900000000000003 0.767 0.35225 0.7646666671875 0.34049999999999997 0.76 0.33799999999999997 0.7326666671875001 0.35775 0.7103333328125 0.37775 0.7043333328125 0.38825 0.7070000000000001 0.39275000000000004 0.7093333328125 0.41224999999999995 0.7203333328125 0.4185 0.7203333328125 0.42400000000000004 0.726 0.42525 0.7306666671875 0.41974999999999996 0.7463333328124999 0.41275000000000006 0.7486666671875 0.4095 0.7543333328124999 0.40824999999999995 0.7633333328125 0.39875 0.771 0.39825 0.7696666671875 0.4025 0.7813333328125001 0.4035 0.796 0.39675 0.7969999999999999 0.389
39 0.7936666671875 0.417 0.7676666671875 0.41925 0.7653333328125 0.42275 0.7736666671875 0.42824999999999996 0.7816666671875 0.43775000000000003 0.7806666671875 0.44225000000000003 0.7763333328125 0.44749999999999995 0.7566666671875 0.4465 0.7496666671875001 0.438 0.743 0.4375 0.7396666671875 0.43075 0.7283333328125 0.42725 0.7233333328125 0.43825000000000003 0.7283333328125 0.4525 0.736 0.45975 0.7456666671875001 0.461 0.7713333328124999 0.4665 0.7793333328125 0.462 0.778 0.453 0.7906666671875 0.4485 0.8009999999999999 0.45025000000000004 0.806 0.44675000000000004 0.806 0.433 0.8023333328125 0.42300000000000004 0.7936666671875 0.417
39 0.658 0.33375 0.654 0.33375 0.6543333328125 0.34500000000000003 0.653 0.35275 0.651 0.35950000000000004 0.6713333328125 0.35950000000000004 0.7026666671874999 0.36225 0.712 0.34125 0.721 0.31225 0.726 0.306 0.7136666671875 0.292 0.6996666671875 0.292 0.693 0.30575 0.6926666671875 0.31375000000000003 0.687 0.32075 0.6666666671875 0.3285 0.658 0.33375
39 0.504 0.34225 0.5146666671875 0.34249999999999997 0.5316666671875 0.34375 0.5386666671875 0.3395 0.537 0.33125 0.5246666671875 0.31625000000000003 0.515 0.30775 0.5116666671875 0.30325 0.503 0.3 0.4956666671875 0.29474999999999996 0.4943333328125 0.27275 0.492 0.25875 0.48566666718749996 0.256 0.4726666671875 0.255 0.46699999999999997 0.25825 0.454 0.263 0.454 0.26775000000000004 0.44699999999999995 0.27475 0.433 0.282 0.42933333281249997 0.28675 0.41966666718749995 0.2945 0.4176666671875 0.301 0.41333333281250006 0.30175 0.4063333328125 0.30724999999999997 0.403 0.3175 0.4033333328125 0.33075 0.4026666671875 0.33825 0.4073333328125 0.34249999999999997 0.418 0.341 0.429 0.34199999999999997 0.44000000000000006 0.34175 0.45499999999999996 0.33375 0.46266666718750005 0.339 0.47366666718749995 0.33799999999999997 0.48733333281249996 0.34125 0.493 0.3465 0.5 0.34550000000000003 0.504 0.34225
39 0.4296666671875 0.3435 0.41900000000000004 0.341 0.4066666671875 0.34175 0.4026666671875 0.339 0.4026666671875 0.32875 0.4026666671875 0.318 0.3923333328125 0.343 0.379 0.38525 0.379 0.40800000000000003 0.3866666671875 0.41375 0.3903333328125 0.4295 0.399 0.43975 0.3986666671875 0.45925000000000005 0.40800000000000003 0.46699999999999997 0.42000000000000004 0.4655 0.4643333328125 0.47800000000000004 0.4916666671875 0.47625 0.5513333328125001 0.46475 0.5686666671875 0.45925000000000005 0.5586666671875 0.43499999999999994 0.5443333328125 0.42374999999999996 0.511 0.4345 0.485 0.39825 0.472 0.3975 0.4563333328125 0.40650000000000003 0.43200000000000005 0.42525 0.4143333328125 0.40125 0.4126666671875 0.39475 0.417 0.357 0.4296666671875 0.3435
39 0.41500000000000004 0.51675 0.4186666671875 0.53325 0.43533333281250003 0.5295 0.45533333281250005 0.5195000000000001 0.45899999999999996 0.51075 0.462 0.50225 0.45199999999999996 0.48600000000000004 0.44666666718750003 0.47925000000000006 0.44699999999999995 0.47300000000000003 0.434 0.47074999999999995 0.434 0.485 0.41600000000000004 0.49050000000000005 0.41566666718749995 0.5055 0.41500000000000004 0.51675
39 0.362 0.4495 0.352 0.45199999999999996 0.3443333328125 0.44875 0.33999999999999997 0.44675000000000004 0.3393333328125 0.4575 0.34500000000000003 0.46224999999999994 0.3526666671875 0.46675000000000005 0.358 0.46475 0.35 0.45999999999999996 0.3553333328125 0.45499999999999996 0.36633333281249997 0.4535 0.3723333328125 0.457 0.3843333328125 0.45875000000000005 0.3846666671875 0.46325000000000005 0.3803333328125 0.46849999999999997 0.37 0.46975 0.364 0.475 0.36066666718749996 0.46950000000000003 0.3546666671875 0.46950000000000003 0.3536666671875 0.47300000000000003 0.361 0.48125 0.3596666671875 0.484 0.369 0.49175 0.372 0.484 0.3763333328125 0.47824999999999995 0.375 0.47450000000000003 0.38133333281250004 0.46849999999999997 0.38933333281250004 0.46275000000000005 0.3973333328125 0.45899999999999996 0.396 0.4445 0.396 0.43975 0.373 0.44275000000000003 0.3616666671875 0.44400000000000006 0.362 0.4495
57 0.47000000000000003 0.5622499999999999 0.49533333281249997 0.53825 0.4726666671875 0.52675 0.45066666718750004 0.54575 0.47000000000000003 0.5622499999999999
9 0.5586666671875 0.311 0.5586666671875 0.305 0.567 0.30225 0.579 0.308 0.5836666671875 0.311 0.5933333328125 0.31275 0.5993333328125 0.3165 0.5846666671875 0.31675 0.579 0.32599999999999996 0.587 0.33125 0.589 0.32825000000000004 0.5956666671875 0.34275 0.6003333328125 0.35525 0.608 0.3625 0.6593333328125001 0.32425000000000004 0.654 0.3175 0.6453333328124999 0.302 0.6386666671875 0.2985 0.6383333328125 0.2945 0.6193333328125 0.284 0.561 0.2705 0.5516666671875 0.29 0.5443333328125 0.29325 0.5413333328125 0.30225 0.5406666671875 0.3135 0.5586666671875 0.311
9 0.5860000000000001 0.33425 0.588 0.339 0.5816666671874999 0.33775 0.567 0.33999999999999997 0.5650000000000001 0.33475 0.5660000000000001 0.32799999999999996 0.5606666671875 0.327 0.5556666671875 0.32025000000000003 0.5463333328125 0.31775000000000003 0.5593333328125001 0.33775 0.5780000000000001 0.3585 0.622 0.3735 0.6433333328125 0.3695 0.647 0.3605 0.653 0.35325 0.654 0.33325 0.6553333328125001 0.32775 0.6066666671875 0.36275 0.601 0.35525 0.5956666671875 0.343 0.5893333328125 0.3285 0.587 0.3315 0.5783333328125 0.32525 0.5860000000000001 0.33425
33 0.41900000000000004 0.2225 0.4273333328125 0.22599999999999998 0.438 0.22949999999999998 0.4446666671875 0.23925000000000002 0.46266666718750005 0.24325000000000002 0.48 0.24575 0.49400000000000005 0.24500000000000002 0.5043333328124999 0.227 0.51 0.219 0.512 0.20475 0.519 0.18775 0.5096666671875 0.1855 0.46900000000000003 0.191 0.4556666671875 0.19175 0.4403333328125 0.19075 0.4193333328125 0.19575 0.3993333328125 0.211 0.413 0.213 0.41900000000000004 0.2225
33 0.5506666671875 0.358 0.5429999999999999 0.35125 0.5396666671875 0.35350000000000004 0.5406666671875 0.376 0.528 0.38075000000000003 0.5269999999999999 0.41725 0.5793333328125 0.41825 0.5946666671874999 0.41600000000000004 0.5993333328125 0.399 0.6 0.36625 0.5773333328125 0.35875 0.5693333328125 0.35125 0.5656666671874999 0.358 0.5596666671875 0.359 0.557 0.365 0.5483333328125 0.36425 0.5473333328125001 0.35975 0.5506666671875 0.358
33 0.47533333281249995 0.3815 0.51 0.43375 0.5563333328125 0.41900000000000004 0.528 0.41775 0.5276666671875 0.3805 0.5396666671875 0.376 0.5396666671875 0.36974999999999997 0.5263333328125 0.35675 0.519 0.361 0.5336666671875 0.3665 0.533 0.372 0.519 0.37225 0.509 0.3655 0.47533333281249995 0.3815
33 0.6766666671875 0.39725 0.6633333328125001 0.40325 0.6506666671875 0.40525 0.643 0.40275 0.648 0.39375 0.6293333328124999 0.39 0.6273333328125 0.40374999999999994 0.6153333328125 0.409 0.6106666671875 0.40425000000000005 0.6213333328124999 0.39475 0.6316666671875 0.38025000000000003 0.6123333328125 0.38175 0.612 0.39 0.6106666671875 0.39275000000000004 0.6113333328125 0.40125 0.6063333328125 0.40549999999999997 0.5996666671875001 0.39825 0.5866666671874999 0.43574999999999997 0.5976666671875 0.4365 0.62 0.43600000000000005 0.6253333328124999 0.43224999999999997 0.6559999999999999 0.42750000000000005 0.7023333328125 0.41974999999999996 0.6916666671875 0.41600000000000004 0.6873333328125 0.40774999999999995 0.6906666671874999 0.40025000000000005 0.7006666671875 0.38425 0.6906666671874999 0.37575 0.687 0.38325 0.6783333328125 0.38525 0.6646666671875 0.38875000000000004 0.6766666671875 0.39725
33 0.8463333328125 0.27799999999999997 0.8376666671875 0.27225 0.8240000000000001 0.272 0.8240000000000001 0.27825 0.8333333328125001 0.27725 0.8384444437499999 0.2805833328125 0.8356666671875 0.28585 0.8343333328125 0.28675 0.83694444375 0.2999583328125 0.8258333328124999 0.305625 0.8246666671874999 0.30554166718750003 0.8146666671875 0.2945 0.8091666671875 0.29525 0.8003333328125001 0.28425 0.8011111109375 0.2855 0.799796296875 0.28544444375 0.7906666671875 0.30575 0.7929999999999999 0.31525 0.7896666671875 0.32 0.8320000000000001 0.3295 0.8216666671875 0.30775 0.8266666671875 0.30775 0.8256666671874999 0.3066458328125 0.8383333328125 0.29925 0.8466666671875 0.29500000000000004 0.835703703125 0.2876666671875 0.837 0.28495 0.8396666671874999 0.28315 0.839722221875 0.28141666718749997 0.841 0.28225 0.8546666671875001 0.27875 0.8463333328125 0.27799999999999997
39 0.736 0.21425 0.7306666671875 0.198 0.7150000000000001 0.21349999999999997 0.7273333328125 0.223 0.741 0.23199999999999998 0.782 0.23475000000000001 0.784 0.22225 0.7576666671875001 0.21974999999999997 0.736 0.21425
33 0.6836666671875 0.21825 0.7263333328125 0.22400000000000003 0.716 0.21275 0.728 0.19924999999999998 0.733 0.199 0.735 0.17975000000000002 0.7443333328125 0.17099999999999999 0.71 0.16275 0.6910000000000001 0.176 0.6933333328125 0.18925 0.682 0.1965 0.679 0.21625 0.6836666671875 0.21825
33 0.5556666671875 0.205 0.5599999999999999 0.20325000000000001 0.564 0.2085 0.57114285625 0.2142857140625 0.5706190484375 0.21549999999999997 0.5603333328125 0.217 0.5683333328125 0.23475000000000001 0.5743333328125 0.2395 0.5743333328125 0.25525000000000003 0.5700000000000001 0.25925 0.56925 0.26040625 0.5694802859375 0.261588709375 0.5685 0.26156250000000003 0.56775 0.26271875 0.566634409375 0.2628951609375 0.567 0.26387499999999997 0.5662499999999999 0.26503125 0.5652114703125 0.2635483875 0.558096775 0.266814515625 0.5584 0.26775000000000004 0.556673834375 0.26746774218749997 0.5552508953124999 0.2681209671875 0.5546666671875 0.26725 0.5453333328125 0.26025 0.5349999999999999 0.2605 0.5171212125 0.2600454546875 0.5164166671875 0.2611875 0.5153333328125 0.26 0.51775 0.2651875 0.5139166671875001 0.2660625 0.51344444375 0.26725 0.512 0.2665 0.5043333328124999 0.273 0.5 0.26975 0.49400000000000005 0.2705 0.50355555625 0.2743333328125 0.4996666671875 0.281 0.5073333328125 0.281 0.5085833328125 0.2820625 0.504 0.28375 0.49833333281250003 0.29425 0.5097168453124999 0.28902419375 0.5103333328125 0.2885 0.511139784375 0.2883709671875 0.5113333328125 0.286875 0.5125627234375 0.2877177421875 0.5154086015625 0.286411290625 0.516777778125 0.28700000000000003 0.5146666671875 0.29825 0.5233333328125 0.2955 0.5326666671875 0.28775 0.541 0.296 0.5463333328125 0.29225 0.5516666671875 0.29025 0.5616666671874999 0.271 0.5860000000000001 0.275 0.5953333328125 0.26875 0.5977333328125 0.25727500000000003 0.598740740625 0.25713888906250004 0.6113333328125 0.2765 0.618 0.27975 0.6243333328125 0.27625 0.6316666671875 0.26575000000000004 0.6496666671875 0.2455 0.6306666671875 0.23349999999999999 0.629243728125 0.23415322500000002 0.6296 0.23245 0.6146666671875 0.21775000000000003 0.602 0.207 0.5860000000000001 0.20249999999999999 0.5673333328125 0.20175 0.5476666671875 0.19924999999999998 0.5463333328125 0.20274999999999999 0.5556666671875 0.205
30 0.8366666671875 0.5077499999999999 0.8206666671875 0.48075 0.8143333328125 0.46375 0.8029999999999999 0.45499999999999996 0.7973333328125001 0.45025000000000004 0.7773333328125 0.45425000000000004 0.7793333328125 0.46375 0.7803333328125001 0.4725 0.807 0.521 0.833 0.51475 0.8366666671875 0.5077499999999999
33 0.736 0.50645 0.735625 0.5074375 0.7343333328125 0.5065000000000001 0.7351904765625 0.51425 0.725 0.51425 0.7046666671875 0.51925 0.6900000000000001 0.51275 0.6923333328125 0.52575 0.726 0.526 0.75135714375 0.5254642859375 0.75 0.5275000000000001 0.75 0.532 0.7693333328125 0.53575 0.7733333328125 0.525 0.77164285625 0.5250357140624999 0.7716969703125 0.5245454546875 0.76995238125 0.525071428125 0.7700606062500001 0.524090909375 0.7569696968749999 0.5204545453125 0.7606666671875 0.51425 0.7589682546875001 0.51425 0.75944444375 0.51325 0.7533333328125 0.50825 0.7426666671875 0.50625 0.736 0.50645
33 0.75 0.663 0.733 0.6705 0.721 0.66825 0.739 0.68425 0.7693333328125 0.662 0.75 0.663
33 0.8363333328125 0.063 0.817 0.073 0.8076666671874999 0.07925 0.825 0.0925 0.8456666671875 0.08549999999999999 0.8363333328125 0.063
33 0.4853333328125 0.39725 0.4756666671875 0.38075000000000003 0.503 0.3655 0.503 0.354 0.488 0.36124999999999996 0.4646666671875 0.35625 0.46333333281250005 0.3765 0.45999999999999996 0.383 0.4636666671875 0.40075000000000005 0.472 0.39725 0.4853333328125 0.39725
33 0.6423333328124999 0.46075 0.639 0.45675 0.6203333328125 0.47400000000000003 0.6296666671875 0.47925000000000006 0.65 0.461 0.6423333328124999 0.46075
33 0.6693333328125 0.44875 0.686 0.4505 0.6856666671875 0.437 0.6856666671875 0.42275 0.669 0.42525 0.6593333328125001 0.43949999999999995 0.6693333328125 0.44875
33 0.6976666671875 0.4175 0.7176666671875 0.41950000000000004 0.7106666671874999 0.41200000000000003 0.7063333328125 0.394 0.6990000000000001 0.392 0.6893333328125 0.40800000000000003 0.6976666671875 0.4175