20 0.9644999999999999 0.7741228062500001 0.9652499999999999 0.7998903515625 0.9675 0.8174342109375001 0.9724999999999999 0.8157894734375001 0.9994999999999999 0.820723684375 1 0.76480263125 0.966 0.7620614031249999 0.9644999999999999 0.7741228062500001
33 0.68625 0.7763157890625 0.693 0.8075657890624999 0.71075 0.8004385968750001 0.7230000000000001 0.7966008765625 0.72325 0.8146929828125 0.73925 0.8009868421874999 0.75 0.8059210531250001 0.7542500000000001 0.7998903515625 0.75 0.76644736875 0.7292500000000001 0.7505482453125001 0.7162499999999999 0.7576754390625 0.68625 0.7763157890625
57 0.6625 0.9736842109375001 0.6627500000000001 0.9934210531250001 0.67375 0.9994517546875 0.68475 0.9972587718750001 0.6965 0.9879385968750001 0.7030000000000001 0.9901315796875 0.7045 0.9802631578125001 0.712 0.96875 0.70475 0.9671052625 0.6877500000000001 0.9385964906250001 0.669 0.9599780703125 0.6625 0.9736842109375001
57 0.8342499999999999 0.7702850875 0.83575 0.7900219296875 0.835 0.80866228125 0.83575 0.8322368421874999 0.8412499999999999 0.820723684375 0.8442500000000001 0.7998903515625 0.8414999999999999 0.783991228125 0.837 0.7669956140624999 0.8342499999999999 0.7702850875
57 0.421 0.91337719375 0.41550000000000004 0.9111842109375001 0.41325 0.9396929828125 0.42275 0.95230263125 0.43574999999999997 0.9627192984375 0.441 0.9221491234375 0.43150000000000005 0.9150219296875 0.42675 0.9128289468749999 0.421 0.91337719375
20 0.3215 0.8464912281249999 0.31725 0.8552631578125001 0.31925 0.8717105265624999 0.32075 0.9013157890624999 0.319 0.9111842109375001 0.32 0.9287280703125 0.32825000000000004 0.9956140343750001 0.3465 0.9989035093749999 0.35275 0.9868421046875 0.353 0.9775219296875 0.34199999999999997 0.89912280625 0.3365 0.8892543859375 0.327 0.8459429828125 0.3215 0.8464912281249999
57 0.26625 0.25603070156249996 0.27425 0.24451754375 0.28300000000000003 0.23410087656249998 0.28275 0.225328946875 0.273 0.21655701718749998 0.26475 0.23903508750000002 0.26675 0.24671052656249998 0.26625 0.25603070156249996
57 0.58125 0.5915570171875 0.5740000000000001 0.6189692984375 0.5742499999999999 0.6244517546874999 0.5832499999999999 0.6408991234375 0.58575 0.6474780703125 0.59175 0.6447368421874999 0.5934999999999999 0.626096490625 0.59075 0.622258771875 0.59225 0.6140350875 0.5894999999999999 0.598135965625 0.58125 0.5915570171875
57 0.32625000000000004 0.783991228125 0.32825000000000004 0.7779605265625 0.3075 0.7735745609375 0.30074999999999996 0.8015350874999999 0.32625000000000004 0.783991228125
57 0.9567500000000001 0.669956140625 0.9422499999999999 0.6694078953125 0.9397500000000001 0.6803728062500001 0.9494999999999999 0.6962719296875 0.9657500000000001 0.691885965625 0.97425 0.7017543859375001 0.98475 0.69133771875 0.9652499999999999 0.6787280703125 0.9567500000000001 0.669956140625
6 0.23349999999999999 0.7478070171875 0.23875000000000002 0.7286184203125 0.23424999999999999 0.7297149125 0.22925 0.7467105265625 0.23349999999999999 0.7478070171875
57 0.15625 0.62883771875 0.1645 0.6688596484375 0.172 0.6743421046875 0.18 0.6441885968750001 0.173 0.6370614031249999 0.1695 0.62883771875 0.15625 0.62883771875
39 0.45225 0.7182017546874999 0.44875 0.7258771937499999 0.43925000000000003 0.7291666671875 0.429 0.743421053125 0.426 0.7560307015625 0.42874999999999996 0.763706140625 0.43075 0.752741228125 0.437 0.752741228125 0.45325 0.7439692984375 0.457 0.7494517546874999 0.46725000000000005 0.7275219296875 0.46799999999999997 0.7099780703125 0.45225 0.7182017546874999
57 0.29775 0.80537280625 0.30225 0.8245614031249999 0.305 0.8371710531250001 0.31675 0.8201754390625 0.31475 0.80866228125 0.312 0.7982456140624999 0.307 0.8009868421874999 0.29775 0.80537280625