6 0.8721762046875 0.66566265 0.8802710843750001 0.643239625 0.8765060234375 0.6388888890625 0.8672816265625001 0.6616465859375 0.8721762046875 0.66566265
6 0.8367846390624999 0.6813922359375 0.8397966875 0.6767068265625 0.8317018078125 0.66499330625 0.828689759375 0.663319946875 0.828313253125 0.6686746984374999 0.8367846390624999 0.6813922359375
6 0.77183735 0.6124497984375 0.7729668671875001 0.607095046875 0.77070783125 0.601405621875 0.7607304218750001 0.5997322625 0.7582831328124999 0.6050870140625 0.760918675 0.6101070953125001 0.77183735 0.6124497984375
6 0.7304216875 0.5940428375 0.725150603125 0.606760375 0.7266566265625001 0.6097724234374999 0.7351280124999999 0.5973895578125 0.74021084375 0.591700134375 0.7381400609375001 0.5853413656249999 0.7347515062500001 0.5876840703124999 0.7304216875 0.5940428375
6 0.6647213859375001 0.49899598437500003 0.6799698796875 0.477242303125 0.6790286140624999 0.47322623906250005 0.6762048187499999 0.470214190625 0.6637801203125 0.484939759375 0.66246235 0.4946452484375 0.6647213859375001 0.49899598437500003
35 0.597891565625 0.44946452499999995 0.5894201812500001 0.442771084375 0.5897966875 0.4471218203125 0.5820783125 0.5251004015625 0.58396084375 0.52744310625 0.600150603125 0.5388219546874999 0.6086219875000001 0.542168675 0.6125753015625001 0.543172690625 0.6330948796875 0.47155287812499996 0.6340361453125001 0.4682061578125 0.6278237953125 0.46686747031250003 0.597891565625 0.44946452499999995
35 0.6172816265625001 0.4464524765625 0.6059864453125 0.44009370781249996 0.5933734937499999 0.4340696125 0.5905496984374999 0.435742971875 0.59262048125 0.4387550203125 0.5916792171874999 0.443440428125 0.5956325296875 0.4471218203125 0.6039156625000001 0.45247657343750003 0.6265060234375001 0.465863453125 0.6329066265625001 0.4672021421875 0.6338478921874999 0.46285140625 0.635918675 0.46218206093749997 0.636106928125 0.45749665312500004 0.629141565625 0.4538152609375 0.6172816265625001 0.4464524765625
6 0.55308735 0.5307898265625 0.5673945781249999 0.5294511375 0.568900603125 0.5244310578125 0.568147590625 0.5197456500000001 0.5528990968749999 0.5197456500000001 0.5487575296875 0.527777778125 0.55308735 0.5307898265625
6 0.40587349375 0.413319946875 0.41227409687499994 0.414658634375 0.41227409687499994 0.4059571625 0.41622740937499997 0.371820615625 0.40982680781249997 0.36947791093750004 0.405685240625 0.40227577031250006 0.40587349375 0.413319946875
6 0.35203313281250004 0.422356090625 0.3452560234375 0.4377510046875 0.35165662656249996 0.462516734375 0.3621987953125 0.492637215625 0.36765813281250004 0.48460508750000003 0.36445783125000003 0.4759036140625 0.35692771093750003 0.4471218203125 0.35353915625 0.42670682656250003 0.35203313281250004 0.422356090625
6 0.2690135546875 0.1455823296875 0.27353162656249996 0.1475903609375 0.2780496984375 0.1462516734375 0.2991340359375 0.11880856718749999 0.29386295156250003 0.107095046875 0.27221385468750003 0.13554216875 0.2690135546875 0.1455823296875
6 0.5534638546874999 0.7309236953125 0.567771084375 0.7406291828125 0.5696536140624999 0.736278446875 0.5700301203125 0.72958500625 0.5649472890625 0.7262382859375001 0.5555346390625 0.7185408296875 0.5534638546874999 0.72121820625 0.5534638546874999 0.7309236953125
6 0.6063629515625 0.7486613125 0.6129518078125 0.7697456500000001 0.6153990968749999 0.7690763046875 0.6170933734374999 0.7623828640625 0.6103162656250001 0.7423025437499999 0.6076807234375 0.7402945109375 0.6054216875 0.744310575 0.6063629515625 0.7486613125
57 0.44013554218750006 0.556559571875 0.44747740937499997 0.5619143234374999 0.453125 0.5334672015625 0.453313253125 0.5234270421875 0.44804216874999997 0.5197456500000001 0.44371235000000003 0.5398259703125 0.44013554218750006 0.556559571875
57 0.5035768078125 0.52744310625 0.5077183734374999 0.5307898265625 0.511483434375 0.5113788484375 0.5169427703125 0.48962516718750004 0.5126129515625 0.48694779062500004 0.5080948796875 0.5060240968749999 0.5035768078125 0.52744310625
35 0.3226656625 0.3621151265625 0.31268825312500004 0.35441767031250004 0.301016565625 0.35174029375 0.2778614453125 0.3477242296875 0.27692018125 0.37884872812500003 0.27729668749999997 0.39892905 0.27823795156250003 0.4163319953125 0.28030873437500003 0.44812583593750005 0.28143825312500004 0.462516734375 0.322853915625 0.48661311874999996 0.3571159640625 0.406961178125 0.34487951875 0.3885542171875 0.3309487953125 0.37014725625 0.3226656625 0.3621151265625
6 0.25395331250000003 0.26338688125 0.25 0.27777777812500004 0.2432228921875 0.3032128515625 0.2428463859375 0.3239625171875 0.24661144531249998 0.3403614453125 0.25451807187500003 0.3256358765625 0.25941264999999997 0.3032128515625 0.26468373437500003 0.28781793906250003 0.26600150624999996 0.27643908906250003 0.270519578125 0.2550200796875 0.260353915625 0.24698795156250003 0.25884789218750004 0.2553547515625 0.25395331250000003 0.26338688125
58 0.0975150609375 0.0123828640625 0.09280873437500001 0.011044176562499999 0.0952560234375 0.0311244984375 0.09393825312500001 0.043842034375 0.09638554218749999 0.051204818750000006 0.0967620484375 0.061914323437499995 0.0975150609375 0.07095046875 0.110316265625 0.077643909375 0.1118222890625 0.0602409640625 0.1086219875 0.0103748328125 0.09807981875 0.006693440625 0.0975150609375 0.0123828640625
57 0.347891565625 0.385207496875 0.3512801203125 0.3949129859375 0.3625753015625 0.3905622484375 0.3733057234375 0.38052208906249996 0.3721762046875 0.3688085671875 0.35353915625 0.37148594375 0.347891565625 0.385207496875
6 0.000188253125 0.32463186093749996 0.009977409375 0.337349396875 0.032191265625 0.28580990625 0.021272590625 0.2737617140625 0.0077183734374999995 0.30957162031249996 0.000188253125 0.32463186093749996
57 0.0913027109375 0.3319946453125 0.09864457812500001 0.32831325312500004 0.089043675 0.2965194109375 0.0743599390625 0.3075635875 0.0798192765625 0.326974565625 0.0913027109375 0.3319946453125
57 0.39495481875 0.4748995984375 0.40022590312500006 0.47121820625 0.40173192812499997 0.465863453125 0.406814759375 0.4397590359375 0.401543675 0.44143239687499997 0.39175451875 0.46954484531249996 0.39495481875 0.4748995984375
57 0.8940135546875 0.7275769750000001 0.8934487953125 0.7038152609375 0.89100150625 0.7038152609375 0.890436746875 0.727911646875 0.8940135546875 0.7275769750000001
57 0.016189759375 0.38621151249999996 0.0195783125 0.3410307890625 0.000941265625 0.33433735000000003 0.000941265625 0.3818607765625 0.016189759375 0.38621151249999996