12 0.44298245625000005 0.506 0.45175438593750006 0.51025 0.47478070156249996 0.512 0.48300438593750006 0.50875 0.4923245609375 0.51 0.5016447375 0.50875 0.5098684203125 0.51675 0.530153509375 0.5157499999999999 0.5438596484375 0.51025 0.5433114031249999 0.504 0.53508771875 0.49974999999999997 0.48300438593750006 0.49375 0.4736842109375 0.49325 0.4583333328125 0.49349999999999994 0.451206140625 0.49574999999999997 0.44188596562500004 0.49749999999999994 0.44298245625000005 0.506
45 0.4473684203125 0.50325 0.45394736875 0.5077499999999999 0.467653509375 0.5045 0.46875 0.502 0.46271929843750004 0.5005 0.4473684203125 0.50325
54 0.5723684203125 0.5815 0.5822368421874999 0.5775 0.5932017546874999 0.5815 0.6036184203125 0.5795 0.6052631578125001 0.5660000000000001 0.589364034375 0.5582499999999999 0.5838815796875 0.5585 0.5778508765625 0.5645 0.5630482453125001 0.5675 0.5526315796875 0.572 0.5520833328125 0.57575 0.5723684203125 0.5815
6 0.6107456140624999 0.53325 0.6419956140624999 0.52825 0.6381578953125 0.52525 0.607456140625 0.53 0.6107456140624999 0.53325
6 0.482456140625 0.5095 0.4764254390625 0.5117499999999999 0.48190789531249995 0.5135 0.49342105312499995 0.5175 0.5005482453125001 0.5165 0.482456140625 0.5095
6 0.501096490625 0.51 0.49287280625 0.51075 0.5 0.51675 0.5087719296875 0.51625 0.501096490625 0.51
6 0.535635965625 0.51825 0.53508771875 0.51525 0.517543859375 0.518 0.535635965625 0.51825
6 0.3640350875 0.45925000000000005 0.3596491234375 0.46224999999999994 0.366776315625 0.46525 0.379385965625 0.46749999999999997 0.38212719375000004 0.46475 0.3640350875 0.45925000000000005
6 0.383223684375 0.48949999999999994 0.38048245625 0.49574999999999997 0.38706140312500004 0.4965 0.39144736875 0.48650000000000004 0.383223684375 0.48949999999999994
27 0.38212719375000004 0.48550000000000004 0.3826754390625 0.48250000000000004 0.3728070171875 0.47775 0.35855263125 0.48 0.351973684375 0.4845 0.3717105265625 0.49175 0.388706140625 0.4875 0.38212719375000004 0.48550000000000004
27 0.2653508765625 0.48475 0.27521929843750004 0.49375 0.303179825 0.48975 0.3026315796875 0.48125 0.2653508765625 0.48475
6 0.2483552625 0.44275000000000003 0.252741228125 0.45225 0.2626096484375 0.45199999999999996 0.25712719375000004 0.44125 0.2483552625 0.44275000000000003
6 0.3020833328125 0.446 0.28837719375000004 0.4545 0.29769736875 0.4565 0.30866228125 0.44749999999999995 0.3020833328125 0.446
6 0.14418859687500002 0.38125 0.129385965625 0.391 0.1348684203125 0.393 0.149671053125 0.3835 0.14418859687500002 0.38125
6 0.058114034375 0.353 0.0603070171875 0.36275 0.071820175 0.36324999999999996 0.06798245625 0.3525 0.058114034375 0.353
6 0.158991228125 0.433 0.1858552625 0.43875000000000003 0.1896929828125 0.43674999999999997 0.16228070156250002 0.4305 0.158991228125 0.433
39 0.10635964843750001 0.409 0.1694078953125 0.44375 0.1825657890625 0.43574999999999997 0.13048245625 0.40149999999999997 0.087171053125 0.3765 0.0625 0.36775 0.0427631578125 0.357 0.03837719375 0.361 0.0564692984375 0.37225 0.061403509375 0.38075000000000003 0.076206140625 0.39525 0.10635964843750001 0.409