29 0.2663810484375 0.750336021875 0.26209677343750004 0.75 0.24697580624999999 0.7688172046874999 0.250252015625 0.7741935484375 0.2663810484375 0.750336021875
6 0.913810484375 0.8736559140625 0.90625 0.826948925 0.8976814515625 0.827284946875 0.8916330640625001 0.8296370968750001 0.8966733874999999 0.8756720437500001 0.9022177421875 0.8776881718749999 0.913810484375 0.8736559140625
6 0.9705141125000001 0.56485215 0.9747983874999999 0.42842741875 0.968497984375 0.43145161249999997 0.96572580625 0.56485215 0.9705141125000001 0.56485215
6 0.7542842734375 0.07896505312499999 0.7620967734375 0.0997983875 0.764112903125 0.09408602187500001 0.7681451609375001 0.09341397812499999 0.7661290328125 0.11055107500000001 0.7683971781250001 0.1206317203125 0.7830141125 0.11021505312499999 0.773185484375 0.0843413984375 0.7620967734375 0.070564515625 0.7542842734375 0.07896505312499999
29 0.257560484375 0.0329301078125 0.25176411249999997 0.036290321874999996 0.2618447578125 0.09509408593749999 0.2741935484375 0.09240591406250001 0.2636088703125 0.03662634375 0.257560484375 0.0329301078125
29 0.3742439515625 0.304435484375 0.3694556453125 0.2997311828125 0.3681955640625 0.30477150468750003 0.3742439515625 0.3114919359375 0.3742439515625 0.304435484375
29 0.5390625 0.28629032187500003 0.5385584671875 0.28125 0.5330141125 0.2832661296875 0.5352822578125 0.293010753125 0.5390625 0.28629032187500003
29 0.5819052421875 0.360551075 0.5728326609375001 0.352486559375 0.560987903125 0.36962365625000004 0.57333669375 0.3820564515625 0.5808971781250001 0.3652553765625 0.5819052421875 0.360551075
29 0.6507056453125 0.3598790328125 0.6554939515625 0.3676075265625 0.6572580640625 0.358198925 0.6507056453125 0.3598790328125
29 0.731098790625 0.07392473125 0.734627015625 0.0661962359375 0.7300907265625 0.0608198921875 0.7260584671875 0.067540321875 0.731098790625 0.07392473125
29 0.8535786296874999 0.1770833328125 0.8538306453125 0.212365590625 0.862651209375 0.212365590625 0.864415321875 0.2009408609375 0.8755040328125 0.1864919359375 0.8775201609375 0.1666666671875 0.8744959671875 0.1636424734375 0.856098790625 0.1606182796875 0.8535786296874999 0.1770833328125
29 0.27217741875 0.7083333328125 0.2792338703125 0.7002688171875 0.2729334671875 0.698588709375 0.26738911249999997 0.7066532265625 0.27217741875 0.7083333328125
57 0.5647681453125 0.44522849531249997 0.5665322578125 0.44858870937499995 0.587449596875 0.43884408593749996 0.5869455640625 0.4727822578125 0.5884576609375001 0.480510753125 0.590473790625 0.472110215625 0.5927419359375 0.4354838703125 0.6197076609375001 0.41834677343750004 0.618699596875 0.45665322656249996 0.5919858875 0.4724462359375 0.59072580625 0.48017473125 0.6255040328125 0.4613575265625 0.6267641125 0.45530913906250003 0.623487903125 0.4556451609375 0.6239919359375 0.43817204375 0.6229838703125 0.4146505375 0.6171875 0.41397849531249997 0.5929939515625 0.4250672046875 0.5647681453125 0.44522849531249997
6 0.8913810484375 0.4395161296875 0.8898689515625 0.4469086015625 0.8913810484375 0.46908602187500004 0.8976814515625 0.47009408593749996 0.9057459671875 0.46841397812499996 0.9024697578125 0.42372311875 0.8901209671875 0.4243951609375 0.8931451609375 0.429435484375 0.8913810484375 0.4395161296875
6 0.836189515625 0.151209678125 0.8344254031249999 0.14415322656250001 0.7986391125 0.1579301078125 0.8006552421875 0.1767473125 0.8371975812500001 0.1636424734375 0.836189515625 0.151209678125
6 0.7724294359375 0.0527553765625 0.7784778218749999 0.039986559375 0.7537802421875 0.0322580640625 0.7525201609375001 0.047043010937500004 0.7724294359375 0.0527553765625
29 0.306199596875 0.42305107499999994 0.30166330625 0.41834677343750004 0.298387096875 0.42305107499999994 0.3026713703125 0.4280913984375 0.306199596875 0.42305107499999994