49 0.6924342109375 0.41500000000000004 0.6984649125 0.41500000000000004 0.6990131578125001 0.40325 0.6924342109375 0.4 0.648026315625 0.39975 0.6299342109375 0.40599999999999997 0.6271929828125 0.4225 0.620614034375 0.4245 0.6173245609375 0.43 0.6189692984375 0.441 0.6370614031249999 0.442 0.6540570171875 0.44575 0.6743421046875 0.43899999999999995 0.6825657890625 0.4325 0.6924342109375 0.41500000000000004
39 0.2680921046875 0.3725 0.25383771875 0.37025 0.2423245609375 0.365 0.226973684375 0.36475 0.2072368421875 0.36724999999999997 0.2072368421875 0.37 0.2072368421875 0.37525 0.21326754375 0.381 0.2171052625 0.3855 0.2319078953125 0.39275000000000004 0.2521929828125 0.396 0.26206140312500004 0.40025000000000005 0.26480263125 0.40499999999999997 0.27412280624999996 0.40925 0.28728070156249996 0.41050000000000003 0.315241228125 0.41100000000000003 0.3421052625 0.409 0.3591008765625 0.4175 0.373903509375 0.42474999999999996 0.3881578953125 0.42225 0.40405701718750003 0.41675000000000006 0.41228070156249996 0.41224999999999995 0.4216008765625 0.41050000000000003 0.4276315796875 0.40800000000000003 0.429276315625 0.39475 0.44133771875 0.39249999999999996 0.43969298281249997 0.40549999999999997 0.4484649125 0.4035 0.4462719296875 0.39275000000000004 0.46162280625 0.3895 0.4736842109375 0.37825000000000003 0.47423245625000005 0.3685 0.4577850875 0.36150000000000004 0.43804824531250003 0.35875 0.41173245625000005 0.35750000000000004 0.3766447375 0.35825 0.3569078953125 0.3685 0.3486842109375 0.36425 0.33168859687499996 0.37275 0.319078946875 0.3805 0.315241228125 0.37425 0.2916666671875 0.372 0.2680921046875 0.3725
57 0.241776315625 0.33125 0.22094298281250002 0.3315 0.2302631578125 0.33849999999999997 0.2313596484375 0.343 0.2384868421875 0.35 0.2450657890625 0.34500000000000003 0.25 0.34049999999999997 0.2686403515625 0.335 0.2609649125 0.33125 0.241776315625 0.33125
57 0.259320175 0.062 0.25712719375000004 0.0655 0.256578946875 0.07675 0.2450657890625 0.091 0.25548245625 0.091 0.2686403515625 0.08725000000000001 0.2845394734375 0.08625000000000001 0.2971491234375 0.08525 0.3174342109375 0.0795 0.337171053125 0.08199999999999999 0.339364034375 0.086 0.344846490625 0.091 0.3591008765625 0.07975 0.366776315625 0.07575 0.38980263125 0.07475000000000001 0.41228070156249996 0.0715 0.43201754374999995 0.068 0.44353070156249996 0.07025 0.45559210468750005 0.06999999999999999 0.46217105312499995 0.0675 0.4577850875 0.05825 0.44462719375 0.05125 0.42105263125 0.0435 0.40953947343749997 0.046 0.3952850875 0.046 0.368421053125 0.0455 0.34978070156249996 0.04675 0.3415570171875 0.04975 0.321820175 0.054000000000000006 0.3108552625 0.05175 0.29769736875 0.057499999999999996 0.278508771875 0.058499999999999996 0.259320175 0.062
39 0.0416666671875 0.13899999999999998 0.0471491234375 0.1325 0.0361842109375 0.132 0.0252192984375 0.13799999999999998 0.0361842109375 0.14750000000000002 0.054276315625 0.154 0.07730263125 0.15425 0.0915570171875 0.154 0.07730263125 0.14750000000000002 0.0427631578125 0.14225000000000002 0.0416666671875 0.13899999999999998
57 0.5986842109375 0.20125 0.5953947375 0.20575000000000002 0.5740131578125001 0.21525 0.571820175 0.22725 0.5932017546874999 0.22725 0.6118421046875 0.22475 0.61951754375 0.20675 0.616776315625 0.1995 0.5986842109375 0.20125
57 0.091008771875 0.38475000000000004 0.10142543906249998 0.38875000000000004 0.11951754375000001 0.3855 0.12883771875 0.37575 0.1217105265625 0.35350000000000004 0.10855263125 0.33625 0.0904605265625 0.33175 0.055921053124999995 0.32925 0.0208333328125 0.33275 0.026864034375 0.35225 0.0005482453125 0.35475 0.004385965625 0.363 0.0016447375 0.37425 0.013706140624999998 0.379 0.0411184203125 0.3825 0.061403509375 0.3825 0.091008771875 0.38475000000000004
57 0.0213815796875 0.13825 0.0252192984375 0.10925 0.002741228125 0.10825 0.0021929828125 0.14525 0.0213815796875 0.13825
57 0.0783991234375 0.41825 0.061951754687500006 0.42275 0.07346491250000001 0.42874999999999996 0.087171053125 0.43075 0.0986842109375 0.43475 0.13103070156250002 0.43624999999999997 0.1705043859375 0.43949999999999995 0.214364034375 0.43375 0.241776315625 0.42725 0.22916666718749998 0.426 0.2127192984375 0.42125 0.18201754375 0.42000000000000004 0.1776315796875 0.42474999999999996 0.16557017499999999 0.4255 0.16557017499999999 0.41900000000000004 0.1436403515625 0.41200000000000003 0.118421053125 0.41475 0.1052631578125 0.41174999999999995 0.0986842109375 0.41725 0.0783991234375 0.41825
39 0.22203947343750002 0.5295 0.2319078953125 0.5355000000000001 0.258223684375 0.534 0.2631578953125 0.52175 0.2483552625 0.51675 0.2236842109375 0.51825 0.21491228125 0.52825 0.22203947343750002 0.5295
57 0.0422149125 0.47050000000000003 0.0493421046875 0.47850000000000004 0.071820175 0.487 0.091008771875 0.48674999999999996 0.092653509375 0.48075 0.091008771875 0.4715 0.07346491250000001 0.46825 0.0493421046875 0.46675000000000005 0.0422149125 0.47050000000000003