19 0.1412377453125 0.999591503125 0.14368872500000002 0.9697712421875 0.08976715625000001 0.9689542484375 0.061274509374999994 0.96650326875 0.048100490625 0.9620098046875001 0.032781862499999995 0.96486928125 0.00398284375 0.9673202609375 0.0006127453125 0.96650326875 0 1 0.1412377453125 0.999591503125
7 0.6924019609375 0.55392156875 0.6994485296875 0.5498366015625 0.6994485296875 0.5412581703125 0.6982230390625 0.5359477125 0.6920955875 0.53513071875 0.68045343125 0.5359477125 0.67738970625 0.5375816999999999 0.6734068625 0.536356209375 0.6666666671875 0.5404411765625 0.6629901953124999 0.5420751640625 0.65625 0.54370915 0.6556372546875 0.5486111109375 0.6571691171875 0.552696078125 0.666053921875 0.552696078125 0.67738970625 0.5555555562500001 0.6841299015625 0.552696078125 0.6924019609375 0.55392156875
6 0.7977941171875 0.5212418296875 0.8005514703125 0.5241013078125001 0.80851715625 0.5228758171875 0.8063725484375001 0.519199346875 0.7977941171875 0.5212418296875
29 0.227022059375 0.4754901953125 0.223039215625 0.47344771249999995 0.2169117640625 0.47303921562499995 0.21415441249999997 0.4754901953125 0.21783088281250002 0.4795751640625 0.22457107812500002 0.4795751640625 0.227022059375 0.4754901953125
29 0.6231617640625 0.5265522875 0.6259191171875 0.5298202609375 0.63051470625 0.526960784375 0.6286764703125 0.5236928109375001 0.6231617640625 0.5265522875
6 0.75704656875 0.45383986875 0.7509191171875 0.453431371875 0.7475490203125 0.4591503265625 0.7561274515624999 0.46282679687500006 0.76011029375 0.45629084999999997 0.75704656875 0.45383986875
57 0.923100490625 0.439542484375 0.9169730390625 0.44281045781249995 0.9200367640625 0.447303921875 0.92585784375 0.44281045781249995 0.923100490625 0.439542484375
27 0.7282475484375001 0.572303921875 0.735600490625 0.5739379078125 0.7368259796875 0.5588235296875 0.7282475484375001 0.56331699375 0.7282475484375001 0.572303921875
27 0.45925245156249994 0.590686275 0.46384803906250005 0.590277778125 0.4623161765625 0.5763888890625 0.451899509375 0.5780228765625 0.44454656875 0.5919117640625 0.4546568625 0.5931372546875 0.45925245156249994 0.596813725 0.45925245156249994 0.590686275
57 0.4779411765625 0.5759803921875 0.47824754843750006 0.571895425 0.4672181375 0.5690359484374999 0.45802696093749995 0.5747549015625 0.4681372546875 0.5751633984375 0.47303921562499995 0.580065359375 0.4779411765625 0.5759803921875
6 0.2408088234375 0.5829248359375 0.246936275 0.5878267968750001 0.25337009843749997 0.5763888890625 0.25245097968749997 0.5698529406249999 0.242647059375 0.5649509796875 0.23651960781249998 0.560457515625 0.237438725 0.57271241875 0.237438725 0.581699346875 0.2408088234375 0.5829248359375
6 0.13051470625 0.49142156875 0.1317401953125 0.49550653593750005 0.1412377453125 0.49428104531250006 0.13909313750000002 0.490196078125 0.13051470625 0.49142156875
29 0.061887254687500004 0.5694444437499999 0.0634191171875 0.5657679734375 0.0649509796875 0.5596405234375 0.063725490625 0.554330065625 0.0533088234375 0.552696078125 0.049938725 0.5567810453125001 0.058210784375000005 0.5600490203125 0.061887254687500004 0.5694444437499999
6 0.6155024515624999 0.46282679687500006 0.6167279406249999 0.4685457515625 0.624693628125 0.46568627500000004 0.6240808828125 0.4607843140625 0.6155024515624999 0.46282679687500006
57 0.8219975484375001 0.43218954218750005 0.8161764703125 0.428513071875 0.8042279406249999 0.43423202656250004 0.815563725 0.439542484375 0.8207720593750001 0.43668300625 0.8219975484375001 0.43218954218750005
31 0.8829656859374999 0.5326797390625 0.8765318625 0.52573529375 0.846813725 0.528186275 0.8501838234375001 0.5359477125 0.856617646875 0.54289215625 0.8799019609375 0.54289215625 0.8829656859374999 0.5326797390625
57 0.863664215625 0.5735294125 0.8731617640625 0.5739379078125 0.872242646875 0.5678104578125 0.859068628125 0.5674019609375 0.8511029406249999 0.562091503125 0.8422181375 0.5649509796875 0.8373161765624999 0.5665849671875 0.8419117640625 0.571895425 0.8452818625 0.579248365625 0.855085784375 0.5751633984375 0.863664215625 0.5735294125
57 0.9224877453125 0.5318627453125 0.9172794124999999 0.5318627453125 0.9157475484375001 0.5379901953124999 0.9209558828125 0.5396241828125 0.92738970625 0.534722221875 0.9224877453125 0.5318627453125
57 0.9145220593750001 0.497957515625 0.9227941171875 0.497957515625 0.9270833328125001 0.49387254843750006 0.93198529375 0.48856209218749996 0.9264705875000001 0.4869281046875 0.9172794124999999 0.4869281046875 0.9083946078125 0.4869281046875 0.9087009796875 0.49223856250000003 0.9139093140625001 0.49346405156250006 0.9145220593750001 0.497957515625
57 0.6829044125 0.57107843125 0.6783088234375 0.573120915625 0.6792279406249999 0.5776143796875 0.684742646875 0.5751633984375 0.693321078125 0.5751633984375 0.69301470625 0.5702614374999999 0.6829044125 0.57107843125
4 0.51960784375 0.5224673203125 0.5220588234375 0.528594771875 0.5266544125 0.5265522875 0.5278799015625 0.5220588234375 0.51960784375 0.5224673203125
57 0.4822303921875 0.5678104578125 0.49295343125 0.564542484375 0.48988970624999995 0.560457515625 0.4822303921875 0.5678104578125