20 0.79025 0.0515350875 0.77525 0.0493421046875 0.764 0.1529605265625 0.7615000000000001 0.16557017499999999 0.75825 0.1770833328125 0.754 0.2319078953125 0.76425 0.23958333281250002 0.76675 0.252741228125 0.77825 0.26918859687499996 0.787 0.2828947375 0.79325 0.188596490625 0.79125 0.1716008765625 0.7889999999999999 0.16173245625 0.79025 0.0515350875
9 0.7635 0.23903508750000002 0.74775 0.22971491249999998 0.745 0.22094298281250002 0.746 0.1979166671875 0.737 0.19517543906249998 0.73325 0.19298245625 0.73 0.19956140312499998 0.73075 0.22258771875 0.7505 0.2845394734375 0.765 0.298793859375 0.79075 0.3037280703125 0.77975 0.2724780703125 0.77225 0.2598684203125 0.76675 0.252741228125 0.7635 0.23903508750000002
25 0.6375 0.5131578953125 0.6245 0.5131578953125 0.61525 0.521929825 0.61525 0.5422149125 0.62775 0.5553728062500001 0.64175 0.5553728062500001 0.6515 0.54605263125 0.653 0.5317982453125001 0.649 0.5208333328125 0.6375 0.5131578953125
25 0.58025 0.587171053125 0.5715 0.5888157890625 0.561 0.596491228125 0.5599999999999999 0.6107456140624999 0.5635 0.6244517546874999 0.5725 0.6348684203125 0.5912499999999999 0.6376096484375 0.60275 0.6228070171875 0.6025 0.6063596484375 0.6 0.5986842109375 0.5934999999999999 0.5921052625 0.58025 0.587171053125
21 0.47525000000000006 0.40953947343749997 0.45949999999999996 0.4150219296875 0.45149999999999996 0.42269736875 0.45099999999999996 0.436403509375 0.457 0.665570175 0.46775 0.6842105265625 0.484 0.69298245625 0.5 0.688596490625 0.50875 0.6803728062500001 0.5155000000000001 0.66173245625 0.52425 0.425438596875 0.51375 0.41282894687500005 0.495 0.40460526249999995 0.47525000000000006 0.40953947343749997
21 0.46749999999999997 0.27741228125 0.45775 0.283991228125 0.45899999999999996 0.4111842109375 0.48650000000000004 0.405153509375 0.5085 0.41008771875 0.51525 0.41282894687500005 0.5157499999999999 0.2834429828125 0.5035000000000001 0.276864034375 0.488 0.27412280624999996 0.46749999999999997 0.27741228125
20 0.40925 0.3645833328125 0.40275 0.298793859375 0.40275 0.2708333328125 0.38925 0.267543859375 0.3775 0.2669956140625 0.37075 0.274671053125 0.37 0.3092105265625 0.363 0.4588815796875 0.36324999999999996 0.4884868421875 0.36875 0.5455043859375001 0.377 0.555921053125 0.39275000000000004 0.559758771875 0.40425000000000005 0.5564692984375 0.41500000000000004 0.537828946875 0.41675000000000006 0.5087719296875 0.41725 0.4802631578125 0.41500000000000004 0.440241228125 0.40925 0.3645833328125
21 0.37625000000000003 0.23464912343750002 0.363 0.24067982500000001 0.36150000000000004 0.342653509375 0.36575 0.392543859375 0.36675 0.3591008765625 0.371 0.30866228125 0.3705 0.27521929843750004 0.37675000000000003 0.2686403515625 0.3915 0.267543859375 0.40275 0.271929825 0.40275 0.30043859687499996 0.41 0.365679825 0.4095 0.311403509375 0.40525 0.23903508750000002 0.394 0.23355263124999998 0.37625000000000003 0.23464912343750002
20 0.333 0.1134868421875 0.3305 0.08826754375 0.324 0.084429825 0.313 0.0849780703125 0.30975 0.092653509375 0.31025 0.1145833328125 0.3095 0.22971491249999998 0.30425 0.2494517546875 0.30074999999999996 0.267543859375 0.303 0.3103070171875 0.308 0.3174342109375 0.308 0.3333333328125 0.31 0.3404605265625 0.30975 0.34978070156249996 0.314 0.40296052656250003 0.32325 0.4786184203125 0.3345 0.4802631578125 0.34725 0.47587719375 0.3525 0.46436403437499996 0.35375 0.4462719296875 0.3505 0.27412280624999996 0.3485 0.252741228125 0.34049999999999997 0.23410087656249998 0.333 0.1134868421875
20 0.309 0.3514254390625 0.3095 0.3415570171875 0.3075 0.33168859687499996 0.30874999999999997 0.313596490625 0.2995 0.3108552625 0.27825 0.3108552625 0.269 0.31962719375000004 0.26775000000000004 0.33662280624999996 0.26749999999999996 0.348135965625 0.268 0.3618421046875 0.262 0.52741228125 0.262 0.5734649125 0.26525 0.6014254390625 0.273 0.6436403515625 0.28425 0.6502192984375 0.29825 0.65076754375 0.31225 0.6436403515625 0.3235 0.626096490625 0.327 0.57894736875 0.32725 0.5422149125 0.32325 0.49342105312499995 0.309 0.3514254390625
54 0.5115000000000001 0.273026315625 0.5085 0.2790570171875 0.51625 0.282346490625 0.5155000000000001 0.41337719375 0.524 0.4259868421875 0.5245 0.4375 0.5427500000000001 0.4424342109375 0.56175 0.451206140625 0.5660000000000001 0.28728070156249996 0.5549999999999999 0.283991228125 0.533 0.282346490625 0.5115000000000001 0.273026315625
39 0.601 0 0.5962500000000001 0.009868420312499999 0.592 0.036732456250000003 0.59225 0.0493421046875 0.585 0.050438596875 0.5845 0.057017543749999997 0.59325 0.059758771875000005 0.60475 0.065241228125 0.60375 0.0767543859375 0.6 0.07894736875 0.6 0.0888157890625 0.597 0.09210526249999999 0.59675 0.1041666671875 0.5862499999999999 0.11403508749999999 0.576 0.122258771875 0.56775 0.1392543859375 0.56475 0.158991228125 0.55575 0.2055921046875 0.59525 0.2127192984375 0.5965 0.21875 0.596 0.2576754390625 0.5985 0.2549342109375 0.6144999999999999 0.19133771875 0.6287499999999999 0.129385965625 0.634 0.122258771875 0.639 0.08278508749999999 0.63925 0.050986842187500006 0.63625 0.044956140625 0.63975 0.02576754375 0.647828125 0 0.601 0
54 0.26275 0.3486842109375 0.2605 0.3432017546875 0.26675 0.335526315625 0.26375000000000004 0.321820175 0.25825 0.31798245625 0.26549999999999996 0.3103070171875 0.25475 0.304276315625 0.24900000000000003 0.3125 0.24075000000000002 0.3037280703125 0.231 0.303179825 0.22625 0.313596490625 0.22549999999999998 0.357456140625 0.23475000000000001 0.3640350875 0.24525000000000002 0.3645833328125 0.24925000000000003 0.35581140312500004 0.25375000000000003 0.357456140625 0.257 0.35855263125 0.2555 0.350328946875 0.26275 0.3486842109375
54 0.21800000000000003 0.38212719375000004 0.213 0.39144736875 0.20375000000000001 0.3908991234375 0.20175 0.4013157890625 0.20725 0.4216008765625 0.21275 0.42050438593750006 0.21425 0.4270833328125 0.2355 0.434758771875 0.23975 0.43530701718750003 0.24900000000000003 0.4298245609375 0.26549999999999996 0.423793859375 0.2665 0.398026315625 0.25175000000000003 0.3892543859375 0.23925000000000002 0.3881578953125 0.22549999999999998 0.3799342109375 0.21800000000000003 0.38212719375000004