39 0.8276666671875 0.026250000000000002 0.8193333328125 0.03275 0.819 0.05575 0.8210000000000001 0.07225000000000001 0.8226666671875 0.075 0.8403333328124999 0.06725 0.8373333328125 0.061 0.8393333328124999 0.05575 0.8356666671875 0.04675 0.8393333328124999 0.04 0.8313333328124999 0.03025 0.8276666671875 0.026250000000000002
27 0.40700000000000003 0.125 0.3956666671875 0.13225 0.4096666671875 0.1505 0.4403333328125 0.20750000000000002 0.47000000000000003 0.19575 0.507 0.19125 0.487 0.1615 0.481 0.14875 0.4676666671875 0.11374999999999999 0.40700000000000003 0.125
33 0.5183333328125 0.12775 0.5309999999999999 0.11750000000000001 0.5406666671875 0.11374999999999999 0.5273333328125 0.10375000000000001 0.5116666671875 0.09025 0.5116666671875 0.10049999999999999 0.5016666671875 0.099 0.501 0.11525 0.5183333328125 0.12775
39 0.42533333281249996 0.28225 0.42033333281249996 0.248 0.4176666671875 0.22075 0.40599999999999997 0.19325 0.37966666718750003 0.19524999999999998 0.3456666671875 0.1975 0.358 0.256 0.3643333328125 0.26825 0.3743333328125 0.252 0.371 0.2515 0.37 0.24500000000000002 0.38533333281250004 0.2495 0.392 0.252 0.42533333281249996 0.28225
39 0.364 0.39675 0.38733333281250004 0.41375 0.3993333328125 0.40175 0.4033333328125 0.39325 0.40800000000000003 0.35225 0.4026666671875 0.33575 0.4126666671875 0.34125 0.43433333281250003 0.315 0.4306666671875 0.30325 0.4436666671875 0.2975 0.4096666671875 0.27275 0.3923333328125 0.25225 0.3856666671875 0.25025 0.37 0.24474999999999997 0.37 0.24975 0.3736666671875 0.25125000000000003 0.363 0.26725 0.3493333328125 0.28650000000000003 0.33366666718750004 0.31124999999999997 0.3233333328125 0.34249999999999997 0.3163333328125 0.36575 0.35 0.38025000000000003 0.364 0.39675
39 0.4046666671875 0.446 0.392 0.42625 0.399 0.41925 0.384 0.41050000000000003 0.367 0.39725 0.3556666671875 0.391 0.32599999999999996 0.38849999999999996 0.2996666671875 0.388 0.273 0.38925 0.269 0.40374999999999994 0.2756666671875 0.44275000000000003 0.2916666671875 0.4465 0.3403333328125 0.47474999999999995 0.361 0.47775 0.365 0.47975 0.376 0.47975 0.3756666671875 0.47175 0.37933333281250003 0.454 0.4046666671875 0.446
39 0.097 0.43 0.1276666671875 0.43975 0.159 0.44625000000000004 0.17233333281250002 0.43174999999999997 0.177 0.41075 0.1883333328125 0.39775 0.20800000000000002 0.372 0.21833333281249998 0.35225 0.2463333328125 0.3235 0.23866666718750001 0.31525 0.22999999999999998 0.3125 0.2196666671875 0.30125 0.1813333328125 0.27749999999999997 0.1656666671875 0.29275 0.1576666671875 0.30274999999999996 0.156 0.3125 0.14566666718750002 0.31925 0.11333333281249999 0.35350000000000004 0.088 0.38775 0.058333332812500006 0.41475 0.08399999999999999 0.42675 0.1056666671875 0.42000000000000004 0.097 0.43
57 0.8779999999999999 0.73775 0.868 0.71925 0.8436666671875 0.6995 0.8423333328125 0.7070000000000001 0.8310000000000001 0.714 0.8276666671875 0.7285 0.8316666671874999 0.73475 0.8243333328125001 0.74025 0.841 0.76125 0.8523333328125 0.77275 0.8673333328125 0.748 0.8779999999999999 0.73775
33 0.5206666671875 0.56325 0.5243333328124999 0.575 0.5303333328125001 0.58675 0.5519999999999999 0.57525 0.5403333328125 0.56475 0.5296666671875 0.5519999999999999 0.524 0.55225 0.5206666671875 0.56325
33 0.4403333328125 0.62975 0.43333333281249997 0.6365000000000001 0.42933333281249997 0.63625 0.43166666718749996 0.64525 0.44333333281250004 0.638 0.4403333328125 0.62975
33 0.458 0.704 0.4613333328125 0.7082499999999999 0.476 0.7025 0.46900000000000003 0.6950000000000001 0.458 0.704
57 0.484 0.7747499999999999 0.484 0.76625 0.47933333281249996 0.76075 0.46299999999999997 0.76425 0.484 0.7747499999999999
33 0.43 0.90025 0.45366666718750004 0.8755000000000001 0.45499999999999996 0.8567500000000001 0.42033333281249996 0.8782500000000001 0.43 0.90025
42 0.8140000000000001 0.54375 0.7943333328125 0.55375 0.7966666671875 0.55675 0.8176666671874999 0.5455 0.8140000000000001 0.54375
41 0.8053333328125 0.56375 0.8063333328125 0.55975 0.8026666671875 0.5535 0.792 0.55275 0.788 0.55525 0.7893333328125001 0.5615 0.799 0.56425 0.8053333328125 0.56375
57 0.45766666718750004 0.21425 0.45766666718750004 0.22275 0.46733333281249995 0.23199999999999998 0.4773333328125 0.21200000000000002 0.4683333328125 0.2045 0.4653333328125 0.1975 0.457 0.19924999999999998 0.4503333328125 0.209 0.45766666718750004 0.21425
39 0.399 0.09 0.3823333328125 0.08249999999999999 0.37733333281250003 0.08299999999999999 0.369 0.0805 0.3566666671875 0.08975 0.3436666671875 0.0955 0.3363333328125 0.11750000000000001 0.3443333328125 0.12475 0.37666666718749997 0.11850000000000001 0.393 0.12375 0.4033333328125 0.11850000000000001 0.403 0.10400000000000001 0.399 0.09
39 0.3243333328125 0.23825 0.3366666671875 0.23925000000000002 0.337 0.21925 0.3353333328125 0.199 0.3366666671875 0.19575 0.306 0.2085 0.3243333328125 0.23825
39 0.0013333328125 0.65425 0.0023333328125 0.7245 0.0103333328125 0.72575 0.016 0.713 0.0196666671875 0.70675 0.018 0.69375 0.020999999999999998 0.68975 0.024666667187499998 0.68275 0.034999999999999996 0.67825 0.048 0.67725 0.0556666671875 0.68025 0.061 0.6769999999999999 0.056333332812500005 0.6677500000000001 0.049333332812500005 0.66425 0.045666667187499996 0.6497499999999999 0.034 0.64375 0.0186666671875 0.646 0.0013333328125 0.65425
39 0.3026666671875 0.8947499999999999 0.2986666671875 0.92225 0.32 0.92875 0.3393333328125 0.92925 0.3356666671875 0.9115 0.3473333328125 0.9025000000000001 0.3403333328125 0.876 0.329 0.8685 0.317 0.87375 0.3026666671875 0.8947499999999999
53 0.5553333328125001 0.637 0.5426666671875 0.6305 0.5133333328125 0.6625 0.5206666671875 0.667 0.5276666671875 0.6677500000000001 0.5553333328125001 0.637
53 0.604 0.666 0.596 0.66875 0.593 0.68475 0.5856666671874999 0.70275 0.5956666671875 0.69725 0.6156666671875 0.67675 0.6116666671875 0.673 0.6063333328125 0.67 0.604 0.666
53 0.475 0.70275 0.46566666718749994 0.70775 0.47066666718750005 0.7122499999999999 0.4743333328125 0.7085 0.5043333328124999 0.7065 0.5043333328124999 0.69675 0.496 0.6875 0.4853333328125 0.6875 0.475 0.70275
57 0.5663333328125 0.35175 0.5706666671875 0.3545 0.5900000000000001 0.34525 0.585 0.33725 0.5816666671874999 0.33599999999999997 0.5703333328125 0.341 0.5663333328125 0.35175
31 0.4803333328125 0.45625 0.5066666671875 0.453 0.5 0.41675000000000006 0.4693333328125 0.422 0.4803333328125 0.45625
39 0.471 0.40425000000000005 0.46699999999999997 0.398 0.465 0.391 0.4493333328125 0.3855 0.426 0.392 0.42000000000000004 0.39725 0.404 0.3935 0.399 0.40125 0.417 0.40499999999999997 0.42800000000000005 0.42225 0.45 0.4265 0.4533333328125 0.42350000000000004 0.46799999999999997 0.41974999999999996 0.471 0.40425000000000005
39 0.422 0.37275 0.4376666671875 0.37025 0.44400000000000006 0.35550000000000004 0.44266666718750003 0.34725 0.429 0.33625 0.41 0.35175 0.40933333281250006 0.37124999999999997 0.422 0.37275
39 0.4306666671875 0.43025 0.4186666671875 0.40599999999999997 0.3993333328125 0.40199999999999997 0.3883333328125 0.413 0.3993333328125 0.41950000000000004 0.3923333328125 0.42675 0.398 0.43525 0.403 0.43274999999999997 0.4153333328125 0.43550000000000005 0.4223333328125 0.434 0.43233333281249997 0.43324999999999997 0.4306666671875 0.43025
39 0.417 0.37875000000000003 0.40766666718750005 0.37124999999999997 0.40599999999999997 0.39275000000000004 0.42000000000000004 0.39775 0.42400000000000004 0.391 0.417 0.37875000000000003
33 0.2996666671875 0.55925 0.29700000000000004 0.5662499999999999 0.301 0.579 0.3093333328125 0.59475 0.3206666671875 0.597 0.333 0.5700000000000001 0.31466666718749997 0.5589999999999999 0.2996666671875 0.55925
53 0.10733333281249999 0.6012500000000001 0.10833333281249999 0.58025 0.0916666671875 0.5605 0.0636666671875 0.5705 0.0726666671875 0.591 0.0876666671875 0.607 0.10733333281249999 0.6012500000000001
53 0.48166666718749995 0.34825 0.49366666718749996 0.34550000000000003 0.4966666671875 0.33875 0.47466666718750006 0.3415 0.46333333281250005 0.361 0.479 0.364 0.48166666718749995 0.34825
57 0.49766666718749997 0.365 0.507 0.36150000000000004 0.5049583328125 0.351875 0.5033333328125 0.351328125 0.5046666671875 0.3505 0.491 0.3465 0.49045238125 0.34773214218750004 0.4893333328125 0.3469 0.48266666718750006 0.3485 0.47933333281249996 0.36375 0.48333333281249996 0.36375 0.4838809515625 0.3625178578125 0.4846666671875 0.362921875 0.49133333281249997 0.35878125 0.49766666718749997 0.365
33 0.461 0.6287499999999999 0.46699999999999997 0.61625 0.45933333281250005 0.60975 0.45899999999999996 0.6265 0.449 0.6327499999999999 0.44966666718750004 0.64025 0.461 0.6287499999999999
42 0.4143333328125 0.8895 0.417 0.8945000000000001 0.42172222187499997 0.8884583328125 0.444571428125 0.8615357140625 0.44400000000000006 0.86075 0.4454841265625 0.8604642859375 0.445 0.8596617640625001 0.446396825 0.8593928578125001 0.446 0.8585735296875001 0.4473095234375 0.8583214281249999 0.44699999999999995 0.8574852937499999 0.44822222187499994 0.85725 0.44800000000000006 0.856397059375 0.4491349203125 0.856178571875 0.449 0.8553088234375 0.45004761875000004 0.8551071421875 0.45 0.8542205875000001 0.45096031718749996 0.8540357140625 0.45099999999999996 0.8531323531250001 0.45187301562500004 0.8529642859375001 0.45199999999999996 0.8520441171875 0.45278571406249996 0.8518928578124999 0.453 0.8509558828125 0.4536984125 0.850821428125 0.454 0.849867646875 0.45461111093750006 0.84975 0.45499999999999996 0.8487794125000001 0.455523809375 0.848678571875 0.45599999999999996 0.8476911765624999 0.4564365078125 0.8476071421875 0.457 0.846602940625 0.45734920625 0.8465357140625 0.458 0.84551470625 0.4582619046875 0.8454642859374999 0.461 0.8422499999999999 0.4566666671875 0.8387499999999999 0.43351851874999997 0.8658333328125 0.4344074078125 0.8663888890625 0.4325925921875 0.8669166671875 0.4330370375 0.8671944437500001 0.43166666718749996 0.868 0.43726984062499996 0.8701071421875 0.42540476250000003 0.8840357140625 0.4216666671875 0.882 0.4143333328125 0.8895
57 0.233 0.23275 0.23333333281250002 0.21875 0.22633333281249998 0.2125 0.2166666671875 0.21000000000000002 0.20633333281250002 0.21725 0.213 0.23424999999999999 0.233 0.23275
57 0.0953333328125 0.6865 0.0976666671875 0.67875 0.086 0.66975 0.078 0.6745 0.0953333328125 0.6865