11 0.7518382359375 0.8194444437499999 0.7518382359375 0.8182189546874999 0.7484681375 0.8149509796875 0.745710784375 0.812908496875 0.7420343140625 0.8100490203125 0.7389705875 0.8075980390625 0.73835784375 0.8092320265625 0.737132353125 0.8149509796875 0.735600490625 0.8210784312499999 0.734375 0.8251633984375 0.7359068625 0.8272058828125 0.7377450984375 0.82883986875 0.74295343125 0.832516340625 0.746936275 0.8251633984375 0.75 0.8206699343749999 0.7509191171875 0.8190359484374999 0.7518382359375 0.8194444437499999
11 0.5661764703125 0.26797385625 0.5649509796875 0.2655228765625 0.562806371875 0.26225490156250003 0.5600490203125 0.25857843125 0.558210784375 0.25694444375000003 0.5557598046875001 0.2553104578125 0.55392156875 0.2557189546875 0.5536151953124999 0.257352940625 0.5533088234375 0.258986928125 0.546875 0.2720588234375 0.546875 0.27450980468749997 0.548100490625 0.27818627500000004 0.551164215625 0.2818627453125 0.552696078125 0.2826797390625 0.55392156875 0.2822712421875 0.5640318625 0.2720588234375 0.565257353125 0.2712418296875 0.5661764703125 0.2708333328125 0.5661764703125 0.26797385625
39 0.080882353125 0.45710784374999996 0.0719975484375 0.4522058828125 0.0444240203125 0.43668300625 0.034007353125 0.43014705937500003 0.014705882812500001 0.4166666671875 0.0076593140625 0.4129901953125 0.000306371875 0.4232026140625 0.000306371875 0.48080065312500003 0.030024509375 0.49918300625 0.0493259796875 0.5110294125 0.0588235296875 0.5155228765625 0.07414215625000001 0.47426470624999995 0.080882353125 0.45710784374999996
27 0.018688725 0.515931371875 0.021446078125 0.5126633984375 0.026960784375 0.5 0.0223651953125 0.49509803906250005 0.0193014703125 0.49264705937500003 0.013174020312500001 0.4889705875 0.0091911765625 0.490604575 0.0079656859375 0.49223856250000003 0.00551470625 0.491013071875 0.0009191171874999999 0.48366013125 0.000306371875 0.484068628125 0.000306371875 0.5375816999999999 0.013174020312500001 0.546568628125 0.0165441171875 0.5408496734375 0.01960784375 0.5236928109375001 0.018382353125 0.51879085 0.018688725 0.515931371875
6 0.166053921875 0.3390522875 0.1654411765625 0.3521241828125 0.169117646875 0.3521241828125 0.1697303921875 0.3390522875 0.166053921875 0.3390522875
6 0.16176470625 0.3700980390625 0.15808823593750002 0.35702614375 0.1556372546875 0.3578431375 0.1599264703125 0.37173202656250004 0.16176470625 0.3700980390625
6 0.155024509375 0.37254902031250003 0.1501225484375 0.3594771234375 0.14767156875 0.3611111109375 0.1513480390625 0.37418300625 0.155024509375 0.37254902031250003
6 0.1458333328125 0.366013071875 0.14767156875 0.37581699375 0.15073529375 0.375 0.1482843140625 0.365196078125 0.1458333328125 0.366013071875
6 0.157475490625 0.4052287578125 0.1513480390625 0.3921568625 0.1482843140625 0.39297385625 0.15441176406249998 0.4068627453125 0.157475490625 0.4052287578125
6 0.223039215625 0.3790849671875 0.21507352968750001 0.3700980390625 0.2126225484375 0.3733660125 0.2205882359375 0.3815359484375 0.223039215625 0.3790849671875
6 0.2591911765625 0.366830065625 0.254289215625 0.3790849671875 0.2549019609375 0.383986928125 0.26225490156250003 0.3692810453125 0.2591911765625 0.366830065625
6 0.2861519609375 0.2736928109375 0.2873774515625 0.2704248359375 0.282475490625 0.26633986875 0.27818627500000004 0.2630718953125 0.2763480390625 0.26633986875 0.2818627453125 0.2712418296875 0.2861519609375 0.2736928109375
6 0.4767156859375 0.2540849671875 0.4859068625 0.25326797343749996 0.4865196078125 0.25 0.47610294062499997 0.25 0.4767156859375 0.2540849671875
6 0.021446078125 0.7736928109375001 0.01960784375 0.7900326796875 0.023897059374999998 0.7900326796875 0.025122548437499996 0.7728758171875 0.021446078125 0.7736928109375001
6 0.248774509375 0.367647059375 0.25306372499999996 0.37173202656250004 0.254289215625 0.367647059375 0.2493872546875 0.36274509843749997 0.248774509375 0.367647059375