12 0.5494281046875 0.7310049015625 0.544934640625 0.7221200984375 0.5359477125 0.7153799015625 0.4485294125 0.7098651953124999 0.43341503281250005 0.7135416671875 0.42606209218749996 0.7291666671875 0.4264705875 0.7426470593750001 0.43341503281250005 0.7518382359375 0.4485294125 0.754289215625 0.52900326875 0.7564338234375 0.543300653125 0.75 0.5498366015625 0.740196078125 0.5494281046875 0.7310049015625
12 0.5547385625000001 0.6752450984375 0.4603758171875 0.6669730390625 0.44281045781249995 0.6700367640625 0.43382352968750004 0.6786151953124999 0.43137254843750006 0.6927083328125 0.439542484375 0.7037377453125 0.44771241875 0.708946078125 0.5555555562500001 0.7141544125 0.5657679734375 0.7040441171875 0.5678104578125 0.6942401953124999 0.56331699375 0.68198529375 0.5547385625000001 0.6752450984375
12 0.5514705875 0.6326593140625 0.4579248359375 0.624693628125 0.428513071875 0.6274509796875 0.421568628125 0.6332720593750001 0.41870915000000003 0.6470588234375 0.4203431375 0.6580882359375 0.42728758125 0.6645220593750001 0.44403594843749994 0.6666666671875 0.4599673203125 0.6666666671875 0.5502450984375 0.6734068625 0.5592320265625 0.6645220593750001 0.56331699375 0.6482843140625 0.5588235296875 0.637867646875 0.5514705875 0.6326593140625
12 0.5142973859375 0.578125 0.44158496718749995 0.5848651953124999 0.4232026140625 0.5830269609375 0.41094771249999995 0.5860906859375 0.40359477187500004 0.5919117640625 0.4072712421875 0.6225490203125 0.421568628125 0.6271446078125 0.4595588234375 0.6243872546875 0.5204248359375 0.6188725484375001 0.52736928125 0.606617646875 0.527777778125 0.5931372546875 0.5220588234375 0.5842524515624999 0.5142973859375 0.578125
12 0.5486111109375 0.5502450984375 0.5400326796875 0.5389093140625 0.533905228125 0.5358455875 0.43096405156250006 0.543811275 0.4150326796875 0.5493259796875 0.40931372499999996 0.5588235296875 0.40972222187499996 0.56954656875 0.41380718906249997 0.5772058828125 0.4244281046875 0.582414215625 0.44158496718749995 0.5848651953124999 0.5408496734375 0.57414215625 0.5473856203125 0.565563725 0.5486111109375 0.5502450984375
12 0.5592320265625 0.501225490625 0.5482026140625 0.5021446078125 0.4485294125 0.4984681375 0.439542484375 0.50551470625 0.43259803906250005 0.5122549015625 0.43178104531250006 0.5220588234375 0.43423202656250004 0.53125 0.44199346406249995 0.5376838234375 0.4579248359375 0.54136029375 0.46405228750000005 0.5416666671875 0.553513071875 0.5297181375 0.5608660125 0.5202205875 0.5625 0.5104166671875 0.5592320265625 0.501225490625
12 0.5575980390625 0.4610906859375 0.446486928125 0.45710784374999996 0.435457515625 0.46017156875 0.427696078125 0.46476715625000004 0.4244281046875 0.47487745156249994 0.42565359531249997 0.4865196078125 0.429330065625 0.49295343125 0.43504902031250003 0.4954044125 0.44771241875 0.4981617640625 0.5596405234375 0.500306371875 0.5665849671875 0.4895833328125 0.5698529406249999 0.47886029375000005 0.5641339875 0.467524509375 0.5575980390625 0.4610906859375
12 0.5322712421875 0.41850490156250003 0.41870915000000003 0.4129901953125 0.40359477187500004 0.41819852968750004 0.3982843140625 0.42616421562499995 0.4056372546875 0.43198529375000005 0.4068627453125 0.4509803921875 0.419117646875 0.4549632359375 0.445669934375 0.45649509843749997 0.5326797390625 0.4598651953125 0.542483659375 0.44822303906250005 0.54452614375 0.43259803906250005 0.5404411765625 0.423100490625 0.5322712421875 0.41850490156250003
7 0.5678104578125 0.40287990156250003 0.5674019609375 0.3970588234375 0.562091503125 0.3927696078125 0.5661764703125 0.3860294125 0.5575980390625 0.3795955875 0.5375816999999999 0.376225490625 0.499591503125 0.37745097968749997 0.4591503265625 0.375 0.44240196093749995 0.3740808828125 0.421568628125 0.38174019531250003 0.40849673124999997 0.38204656875 0.3958333328125 0.3854166671875 0.3794934640625 0.38388480468749997 0.373774509375 0.390931371875 0.3766339875 0.40287990156250003 0.395016340625 0.40318627500000004 0.40277777812500004 0.4053308828125 0.4142156859375 0.4071691171875 0.4223856203125 0.4077818625 0.43178104531250006 0.4139093140625 0.4583333328125 0.41574754843750006 0.5404411765625 0.4172794125 0.554330065625 0.41697303906250005 0.5596405234375 0.4129901953125 0.5600490203125 0.4083946078125 0.5678104578125 0.40287990156250003
12 0.510620915625 0.319852940625 0.5065359484374999 0.3075980390625 0.49918300625 0.30024509843749997 0.49387254843750006 0.2987132359375 0.481617646875 0.2974877453125 0.3803104578125 0.3189338234375 0.376225490625 0.327818628125 0.3803104578125 0.3428308828125 0.38521241875 0.3517156859375 0.39419934687499997 0.3572303921875 0.40359477187500004 0.359375 0.49509803906250005 0.33823529375 0.5036764703125 0.33149509843749997 0.509803921875 0.3299632359375 0.510620915625 0.319852940625
12 0.375408496875 0.4227941171875 0.3611111109375 0.4234068625 0.3517156859375 0.42677696093749995 0.3513071890625 0.4322916671875 0.3517156859375 0.4852941171875 0.348039215625 0.497242646875 0.3508986921875 0.5091911765625 0.3484477125 0.5134803921875 0.3533496734375 0.515931371875 0.354983659375 0.530024509375 0.3615196078125 0.5349264703125 0.37785947656249996 0.53676470625 0.39419934687499997 0.53523284375 0.40400326875000003 0.53125 0.40890522812499996 0.5202205875 0.4076797390625 0.4984681375 0.40400326875000003 0.4307598046875 0.3958333328125 0.42432597968749997 0.375408496875 0.4227941171875
12 0.4068627453125 0.621936275 0.40236928125000004 0.590686275 0.40400326875000003 0.5833333328125 0.40073529375000005 0.5419730390625 0.392565359375 0.5376838234375 0.37418300625 0.53676470625 0.354983659375 0.5386029406249999 0.354983659375 0.55851715625 0.3525326796875 0.562193628125 0.3533496734375 0.56648284375 0.3545751640625 0.6087622546875 0.3529411765625 0.6145833328125 0.35539215625 0.61795343125 0.3578431375 0.63664215625 0.374591503125 0.6369485296875 0.40318627500000004 0.63357843125 0.40196078437500005 0.62898284375 0.4068627453125 0.621936275
12 0.37745097968749997 0.6397058828125 0.3578431375 0.6400122546875 0.35539215625 0.6685049015625 0.35539215625 0.69148284375 0.3533496734375 0.7012867640625 0.3545751640625 0.71323529375 0.359068628125 0.719975490625 0.3578431375 0.7484681375 0.3635620921875 0.752757353125 0.37745097968749997 0.7536764703125 0.3962418296875 0.7509191171875 0.41380718906249997 0.740196078125 0.40359477187500004 0.6982230390625 0.40359477187500004 0.6516544125 0.3982843140625 0.6424632359375 0.37745097968749997 0.6397058828125
57 0.40931372499999996 0.7674632359375 0.4203431375 0.754289215625 0.4203431375 0.746936275 0.419117646875 0.73988970625 0.4129901953125 0.7408088234375 0.39460784375 0.7518382359375 0.38521241875 0.752757353125 0.384395425 0.7561274515624999 0.3892973859375 0.7576593140625 0.3880718953125 0.7637867640625 0.393382353125 0.7680759796875 0.40931372499999996 0.7674632359375
45 0.44607843125 0.677696078125 0.44117647031249996 0.6755514703125 0.435457515625 0.684436275 0.44771241875 0.69148284375 0.45383986875 0.690563725 0.4546568625 0.6856617640625 0.44607843125 0.677696078125
45 0.426879084375 0.653186275 0.43096405156250006 0.6415441171875 0.42565359531249997 0.6427696078125 0.4223856203125 0.6537990203125 0.426879084375 0.653186275
45 0.41748365937500004 0.575367646875 0.42524509843749997 0.5744485296875 0.42565359531249997 0.5631127453125 0.42116013125 0.562193628125 0.41789215625000004 0.5661764703125 0.41748365937500004 0.575367646875
45 0.44444444375 0.52726715625 0.4513888890625 0.5248161765625 0.447303921875 0.5171568625 0.44076797343749996 0.5202205875 0.44444444375 0.52726715625
45 0.43668300625 0.4834558828125 0.437908496875 0.47487745156249994 0.43300653593750005 0.47273284374999996 0.43137254843750006 0.48192402031250003 0.43668300625 0.4834558828125
57 0.6560457515625 0.541053921875 0.6564542484375 0.5548406859375 0.6548202609375 0.5640318625 0.66013071875 0.5609681375 0.6703431375 0.5542279406249999 0.667483659375 0.548100490625 0.66789215625 0.5422794125 0.6609477125 0.5392156859375 0.6560457515625 0.541053921875
57 0.6638071890624999 0.5707720593750001 0.6478758171875 0.5670955875 0.6478758171875 0.5903799015625 0.658905228125 0.6047794125 0.6629901953124999 0.6041666671875 0.669934640625 0.5912990203125 0.6638071890624999 0.5707720593750001
57 0.6380718953125 0.625 0.64379085 0.61795343125 0.651960784375 0.620710784375 0.6666666671875 0.609681371875 0.643382353125 0.6014093140625 0.633169934375 0.6041666671875 0.6286764703125 0.6167279406249999 0.6380718953125 0.625
57 0.5947712421875 0.360600490625 0.626225490625 0.337928921875 0.59926470625 0.34712009843749997 0.591094771875 0.3572303921875 0.5947712421875 0.360600490625
57 0.08537581718750001 0.3915441171875 0.10375817031250001 0.3887867640625 0.10498365937500001 0.38511029375 0.081699346875 0.3887867640625 0.08537581718750001 0.3915441171875
38 0.375408496875 0.3887867640625 0.374591503125 0.3970588234375 0.3766339875 0.403492646875 0.3880718953125 0.40318627500000004 0.3897058828125 0.390931371875 0.3884803921875 0.3844975484375 0.3811274515625 0.383272059375 0.375408496875 0.3887867640625