35 0.47303921562499995 0.5193014703125 0.48733660156249997 0.52113970625 0.499591503125 0.5189950984375 0.5061274515624999 0.5137867640625 0.528186275 0.45649509843749997 0.5294117640625 0.4479166671875 0.51879085 0.437193628125 0.5032679734375 0.43198529375000005 0.490196078125 0.4295343140625 0.47630718906249997 0.43045343125 0.46486928125000004 0.43504902031250003 0.4591503265625 0.44056372499999996 0.46119281093750003 0.45006127500000004 0.45629084999999997 0.5076593140625 0.4607843140625 0.5140931375 0.47303921562499995 0.5193014703125
57 0.561274509375 0.4154411765625 0.5580065359375 0.41850490156250003 0.5571895421875 0.424632353125 0.5559640515625001 0.4310661765625 0.5547385625000001 0.4356617640625 0.56331699375 0.4365808828125 0.5649509796875 0.4390318625 0.5674019609375 0.440257353125 0.572303921875 0.440257353125 0.5763888890625 0.437193628125 0.580882353125 0.4356617640625 0.5845588234375 0.4365808828125 0.5861928109375001 0.4396446078125 0.5951797390625 0.443321078125 0.59926470625 0.44607843125 0.6041666671875 0.447303921875 0.60620915 0.44883578437500005 0.60539215625 0.4525122546875 0.607434640625 0.45006127500000004 0.6107026140625 0.44607843125 0.6102941171875 0.44178921562499995 0.6119281046875 0.44056372499999996 0.6119281046875 0.4359681375 0.6111111109375 0.4322916671875 0.606617646875 0.4322916671875 0.6045751640625 0.4298406859375 0.6004901953124999 0.42493872499999996 0.59599673125 0.4209558828125 0.5931372546875 0.41819852968750004 0.589460784375 0.4139093140625 0.5849673203125 0.4108455875 0.5767973859375 0.40931372499999996 0.57883986875 0.41176470624999995 0.5759803921875 0.41329656875 0.570669934375 0.41360294062499997 0.5661764703125 0.4142156859375 0.5653594765625 0.41360294062499997 0.561274509375 0.4154411765625
6 0.59150326875 0.4681372546875 0.5939542484375 0.46568627500000004 0.598856209375 0.4522058828125 0.5939542484375 0.4515931375 0.5874183000000001 0.46629902031250003 0.59150326875 0.4681372546875
6 0.5857843140625 0.4705882359375 0.5759803921875 0.4852941171875 0.579248365625 0.48774509843749997 0.581699346875 0.4865196078125 0.5923202609375 0.47181372499999996 0.5890522875 0.469975490625 0.5857843140625 0.4705882359375
6 0.5735294125 0.47610294062499997 0.5514705875 0.4834558828125 0.5514705875 0.487132353125 0.5759803921875 0.48039215625000004 0.5735294125 0.47610294062499997
6 0.560457515625 0.5 0.560457515625 0.5165441171875 0.5669934640625 0.515318628125 0.5661764703125 0.4993872546875 0.560457515625 0.5
6 0.5473856203125 0.4920343140625 0.53676470625 0.4865196078125 0.534313725 0.4920343140625 0.544117646875 0.49632352968750004 0.5473856203125 0.4920343140625
6 0.546568628125 0.51960784375 0.5359477125 0.5373774515624999 0.543300653125 0.5373774515624999 0.5514705875 0.521446078125 0.546568628125 0.51960784375
6 0.5294117640625 0.504289215625 0.534313725 0.50857843125 0.5392156859375 0.5061274515624999 0.5318627453125 0.4981617640625 0.5294117640625 0.504289215625
6 0.527777778125 0.50857843125 0.543300653125 0.504289215625 0.543300653125 0.5006127453125 0.527777778125 0.5049019609375 0.527777778125 0.50857843125
6 0.5490196078125 0.5067401953124999 0.526960784375 0.5104166671875 0.526960784375 0.5147058828125 0.5490196078125 0.5110294125 0.5490196078125 0.5067401953124999
6 0.5571895421875 0.5202205875 0.5563725484375001 0.4981617640625 0.5514705875 0.49754902031250003 0.55228758125 0.5208333328125 0.5571895421875 0.5202205875
6 0.5857843140625 0.450367646875 0.598856209375 0.44485294062499997 0.5923202609375 0.44240196093749995 0.5841503265625 0.4479166671875 0.5857843140625 0.450367646875
6 0.5857843140625 0.438725490625 0.5767973859375 0.44607843125 0.5776143796875 0.4479166671875 0.582516340625 0.447303921875 0.5923202609375 0.44117647031249996 0.5857843140625 0.438725490625
6 0.5669934640625 0.4442401953125 0.5571895421875 0.44362745156249994 0.5555555562500001 0.4466911765625 0.5669934640625 0.4479166671875 0.5669934640625 0.4442401953125
6 0.8235294124999999 0.390318628125 0.8227124187499999 0.3970588234375 0.8276143796875 0.3982843140625 0.829248365625 0.390318628125 0.8235294124999999 0.390318628125
6 0.42483660156249997 0.9276960781250001 0.42483660156249997 0.938725490625 0.42973856250000003 0.9381127453125 0.43055555625 0.9289215687500001 0.42483660156249997 0.9276960781250001