6 0.781814759375 0.5210843374999999 0.7735316265625001 0.536813921875 0.8153237953125 0.6686746984374999 0.8303840359375 0.658299865625 0.8377259031250001 0.6328647921874999 0.8202183734374999 0.56526104375 0.7989457828125001 0.5023427046875 0.791603915625 0.508701471875 0.781814759375 0.5210843374999999
25 0.4926581328125 0.44946452499999995 0.4760918671875 0.4608433734375 0.463478915625 0.4822623828125 0.4548192765625 0.5127175375 0.453313253125 0.5361445781249999 0.4606551203125 0.564926371875 0.4679969875 0.5829986609375 0.48757530156250006 0.6020749671875001 0.5037650609375001 0.6044176703125 0.5163780124999999 0.60174029375 0.531814759375 0.572623828125 0.5387801203125 0.5498661312500001 0.5400978921874999 0.52309236875 0.536897590625 0.49698795156250003 0.5303087343749999 0.4755689421875 0.52183735 0.45749665312500004 0.5176957828125001 0.44745649218750005 0.511106928125 0.449129853125 0.4926581328125 0.44946452499999995
57 0.5956325296875 0.9126506031250001 0.5956325296875 0.9186746984375 0.624435240625 0.9334002671875 0.63121235 0.87148594375 0.6120105421875001 0.8614457828125 0.5928087343749999 0.8995983937500001 0.5956325296875 0.9126506031250001
29 0.6850527109375 0.039156626562500005 0.6871234937499999 0.041164659375 0.6897590359375 0.0314591703125 0.6882530124999999 0.020080321875 0.6852409640625 0.0237617140625 0.6859939765624999 0.028447121875 0.6850527109375 0.039156626562500005
29 0.5894201812500001 0.0900267734375 0.5922439765624999 0.093038821875 0.5973268078125 0.0903614453125 0.603727409375 0.100736278125 0.6057981921875 0.09638554218749999 0.599397590625 0.0883534140625 0.6016566265625001 0.084672021875 0.600150603125 0.08099062968750001 0.5894201812500001 0.0900267734375
29 0.5476280124999999 0.0970548859375 0.55271084375 0.0876840703125 0.5534638546874999 0.0749665328125 0.5459337343749999 0.0732931734375 0.5393448796875 0.0773092375 0.5476280124999999 0.0970548859375
29 0.45670180781249997 0.027443106249999998 0.453125 0.039156626562500005 0.4565135546875 0.04283801875 0.4600903609375 0.036144578125 0.4606551203125 0.001004015625 0.4559487953125 0.0026773765625 0.45707831250000003 0.008701471875 0.45670180781249997 0.027443106249999998
29 0.40192018125000006 0.020080321875 0.40041415625 0.013721553124999999 0.40135542187500006 0.0097054890625 0.4045557234375 0.0053547515625 0.4034262046875 0.0016733593750000002 0.3975903609375 0.006693440625 0.39721385468750003 0.014725568750000001 0.40041415625 0.021419009375 0.40267319218750003 0.0261044171875 0.410956325 0.025100401562500003 0.41001506093750006 0.0153949125 0.40512048125 0.020080321875 0.40192018125000006 0.020080321875
29 0.4211219875 0.061914323437499995 0.41679216874999997 0.0679384203125 0.41603915625 0.0746318609375 0.41792168749999997 0.0829986609375 0.4246987953125 0.0893574296875 0.42789909687499994 0.0893574296875 0.428275603125 0.078982596875 0.4246987953125 0.0766398921875 0.42319277031249997 0.07128514062499999 0.4241340359375 0.06526104375 0.4211219875 0.061914323437499995
29 0.29781626562499997 0.0813253015625 0.291603915625 0.06593038749999999 0.2882153609375 0.061914323437499995 0.285391565625 0.0696117796875 0.290474396875 0.08366800468749999 0.29122740937499997 0.0940428375 0.2936746984375 0.1024096390625 0.297439759375 0.10742971875 0.2946159640625 0.115127175 0.296875 0.1171352078125 0.2995105421875 0.1124497984375 0.301769578125 0.1020749671875 0.30082831250000003 0.09136546250000001 0.29781626562499997 0.0813253015625
29 0.06325301250000001 0.149263721875 0.067018071875 0.14959839375 0.067018071875 0.14390896875 0.06212349375 0.135876840625 0.056852409375 0.13721552812499999 0.06325301250000001 0.149263721875
29 0.10448042187499999 0.43005354687499997 0.103727409375 0.43942436406249996 0.0969503015625 0.448460509375 0.0956325296875 0.457831325 0.0973268078125 0.46619812656250004 0.109375 0.4688755015625 0.11050451875 0.462516734375 0.109939759375 0.4538152609375 0.1125753015625 0.45716198124999996 0.11426957812500001 0.46686747031250003 0.11841114531250001 0.46619812656250004 0.11464608437499998 0.45013386874999994 0.11106927656250001 0.44243641250000004 0.10768072343749999 0.43741633125 0.10448042187499999 0.43005354687499997
29 0.22985692812499997 0.5297858093750001 0.22985692812499997 0.5264390890625 0.2202560234375 0.5257697453125 0.22985692812499997 0.5297858093750001
29 0.14777861406249998 0.4956492640625 0.1522966875 0.4949799203125 0.15116716875 0.4902945109375 0.146272590625 0.4902945109375 0.14344879531250002 0.4986613125 0.14570783125 0.5 0.14777861406249998 0.4956492640625
29 0.11445783125 0.678045515625 0.1118222890625 0.678045515625 0.10598644531250001 0.6770415 0.10316265 0.68607764375 0.1054216875 0.687081659375 0.1080572296875 0.6813922359375 0.1123870484375 0.6827309234375 0.11408132499999998 0.6897590359375 0.1170933734375 0.6834002671875 0.1178463859375 0.6750334671875 0.11521084374999999 0.663989290625 0.1123870484375 0.6646586343750001 0.11464608437499998 0.6713520749999999 0.11445783125 0.678045515625
29 0.098268071875 0.662985275 0.10598644531250001 0.662985275 0.1106927703125 0.6606425703125 0.11408132499999998 0.650602409375 0.1086219875 0.656961178125 0.10353915625000001 0.6586345375 0.098268071875 0.662985275
29 0.760353915625 0.9317269078124999 0.7612951812500001 0.948460509375 0.7665662656250001 0.9531459171875 0.7752259031250001 0.9518072296875 0.7778614453125 0.9444444437499999 0.7733433734374999 0.941432396875 0.7688253015625001 0.9457831328124999 0.7641189765624999 0.9427710843750001 0.7633659640625 0.9303882203124999 0.760353915625 0.9317269078124999
29 0.7579066265625001 0.948460509375 0.7503765062500001 0.9508032125 0.7477409640625 0.9447791171875 0.74491716875 0.948460509375 0.7471762046875 0.9551539484375 0.7532003015625001 0.95850066875 0.754706325 0.96552878125 0.7575301203125 0.96552878125 0.7579066265625001 0.9534805890625 0.7646837343749999 0.9608433734374999 0.766189759375 0.9554886218749999 0.7579066265625001 0.948460509375
29 0.5171310234375001 0.2463186078125 0.5180722890625 0.2396251671875 0.5141189765624999 0.24263721562499999 0.5090361453125001 0.23661311875000002 0.5033885546875 0.2382864796875 0.4977409640625 0.24330655937499998 0.4924698796875 0.24196787187500002 0.48870481874999994 0.2479919671875 0.49491716874999997 0.25234270468750003 0.49849397656249994 0.26338688125 0.500564759375 0.2751004015625 0.5026355421875001 0.27242302500000004 0.5013177703125 0.264390896875 0.5033885546875 0.2593708171875 0.5073418671875001 0.2597054890625 0.5118599390624999 0.2600401609375 0.5139307234375 0.2570281125 0.5148719875000001 0.24899598437499998 0.5171310234375001 0.2463186078125
29 0.38761295156250003 0.22690763125000002 0.3836596390625 0.22958500625 0.37857680781249997 0.22690763125000002 0.37462349375000004 0.22690763125000002 0.375 0.23192771093750003 0.38064759062500003 0.23661311875000002 0.3830948796875 0.2446452484375 0.3872364453125 0.2466532796875 0.3921310234375 0.244310575 0.39796686718749996 0.2382864796875 0.3981551203125 0.227242303125 0.3923192765625 0.23393574374999998 0.38610692812499997 0.23393574374999998 0.38968373437500003 0.2305890234375 0.38761295156250003 0.22690763125000002
29 0.399849396875 0.1840696125 0.40361445781249994 0.20046854062500002 0.412650603125 0.2105087015625 0.41792168749999997 0.2091700140625 0.42074548125 0.20448460468750002 0.4196159640625 0.20113788437500002 0.4150978921875 0.20615796562500002 0.40662650625 0.1974564921875 0.4028614453125 0.1834002671875 0.399849396875 0.1840696125
29 0.39307228906249997 0.3617804546875 0.3926957828125 0.37851405625 0.40512048125 0.3882195453125 0.41622740937499997 0.3821954484375 0.410956325 0.3721552875 0.406061746875 0.371820615625 0.39966114531249997 0.36579651874999997 0.39307228906249997 0.3617804546875
29 0.36784638593749996 0.37483266406250004 0.3776355421875 0.3684738953125 0.37518825312500004 0.365461846875 0.370105421875 0.36981258437500003 0.36728162656249996 0.3678045515625 0.36916415625 0.3611111109375 0.3765060234375 0.3580990625 0.3778237953125 0.35174029375 0.368599396875 0.356425703125 0.3648343375 0.36445783125000003 0.36502259062500003 0.36981258437500003 0.36784638593749996 0.37483266406250004
29 0.43392319218750003 0.6181392234375 0.44258283125000003 0.62282463125 0.44352409687499994 0.6161311921875 0.43448795156250003 0.6101070953125001 0.42676957812499994 0.6171352078125001 0.4284638546875 0.6244979921875 0.43392319218750003 0.6181392234375
29 0.5449924703125 0.5876840703124999 0.5453689765624999 0.5813253015625001 0.5440512046875 0.571954484375 0.5481927703125 0.5753012046875 0.5500753015625001 0.58634538125 0.55195783125 0.5913654625 0.5551581328124999 0.5856760375000001 0.5498870484375 0.5806559578125 0.5528990968749999 0.5756358765625 0.5502635546875 0.572623828125 0.5436746984374999 0.5665997328125 0.5393448796875 0.5706157968750001 0.5425451812500001 0.584672021875 0.5397213859375001 0.5766398921875 0.5372740968749999 0.580321284375 0.5408509031250001 0.5940428375 0.5400978921874999 0.6004016062499999 0.5440512046875 0.6040829984375 0.5451807234375 0.5963855421875001 0.5449924703125 0.5876840703124999
29 0.8328313250000001 0.45515394843749996 0.8294427703125 0.472891565625 0.8324548187499999 0.4742302546875 0.8345256031250001 0.465863453125 0.8379141562499999 0.46352075 0.8367846390624999 0.45247657343750003 0.8399849390625 0.4354083 0.8350903609375001 0.4354083 0.8328313250000001 0.45515394843749996
29 0.56137048125 0.8895582328125 0.56137048125 0.8738286484375 0.5576054218750001 0.8761713515625 0.5557228921874999 0.8892235609375 0.56137048125 0.8895582328125