43 0.3609068625 0.4530228765625 0.360600490625 0.447303921875 0.359681371875 0.44526143749999997 0.3572303921875 0.446486928125 0.35569852968750004 0.454248365625 0.35386029375 0.46527777812500004 0.35263480468749997 0.4767156859375 0.351102940625 0.491013071875 0.3501838234375 0.50081699375 0.34773284375 0.5016339875 0.344975490625 0.5049019609375 0.3431372546875 0.5130718953125 0.3422181375 0.5245098046875001 0.3443627453125 0.52573529375 0.35539215625 0.52736928125 0.3572303921875 0.5212418296875 0.358149509375 0.5142973859375 0.3584558828125 0.508986928125 0.3572303921875 0.5040849671875 0.35600490156250003 0.5024509796875 0.3544730390625 0.50081699375 0.35692402031250003 0.4852941171875 0.3587622546875 0.47426470624999995 0.3602941171875 0.46405228750000005 0.3609068625 0.4530228765625
57 0.280943628125 0.41094771249999995 0.275428921875 0.385620915625 0.27236519531250003 0.3884803921875 0.27879902031250003 0.4146241828125 0.280943628125 0.41094771249999995
6 0.032475490625 0.4795751640625 0.0049019609375 0.48856209218749996 0.0061274515625 0.49591503281250005 0.035539215624999995 0.4852941171875 0.032475490625 0.4795751640625
6 0.140318628125 0.3014705875 0.125 0.32516339843750003 0.1299019609375 0.329248365625 0.1452205875 0.3047385625 0.140318628125 0.3014705875
6 0.4234068625 0.5841503265625 0.4240196078125 0.5743464046875 0.40073529375000005 0.5751633984375 0.40012254843750006 0.578431371875 0.4044117640625 0.5857843140625 0.4234068625 0.5841503265625
6 0.7365196078125 0.5294117640625 0.7291666671875 0.5294117640625 0.728553921875 0.5383986921874999 0.7248774515624999 0.5555555562500001 0.7310049015625 0.5563725484375001 0.7365196078125 0.5294117640625
6 0.6752450984375 0.20833333281250002 0.672181371875 0.20751634062500002 0.65625 0.23692810468749997 0.659313725 0.241013071875 0.67585784375 0.21323529375 0.6752450984375 0.20833333281250002
6 0.15931372500000002 0.1217320265625 0.1672794125 0.12581699375 0.17585784375 0.1217320265625 0.1807598046875 0.1078431375 0.17585784375 0.10620915 0.171568628125 0.11601307187500001 0.1629901953125 0.11928104531249999 0.15931372500000002 0.11928104531249999 0.15931372500000002 0.1217320265625
6 0.2193627453125 0.14460784375 0.215686275 0.1364379078125 0.18933823593750002 0.12745097968750002 0.1875 0.135620915625 0.21017156875 0.1454248359375 0.2193627453125 0.14460784375
6 0.18995097968750002 0.0866013078125 0.1764705875 0.0874183 0.1795343140625 0.1004901953125 0.1813725484375 0.11601307187500001 0.1875 0.11601307187500001 0.18995097968750002 0.0866013078125
6 0.43504902031250003 0.098039215625 0.43198529375000005 0.14379085 0.4393382359375 0.14379085 0.44056372499999996 0.098856209375 0.43504902031250003 0.098039215625
6 0.5251225484375001 0.2197712421875 0.5459558828125 0.23856209218750002 0.5477941171875 0.23120915000000003 0.528186275 0.21486928125000002 0.5251225484375001 0.2197712421875
6 0.7432598046875001 0.2540849671875 0.74142156875 0.2736928109375 0.7475490203125 0.27450980468749997 0.75 0.2540849671875 0.7432598046875001 0.2540849671875
6 0.9136029406249999 0.1756535953125 0.9166666671874999 0.1748366015625 0.9136029406249999 0.1495098046875 0.9123774515624999 0.1495098046875 0.9136029406249999 0.1756535953125
6 0.8535539218749999 0.1045751640625 0.8498774515624999 0.10294117656249999 0.8455882359375 0.1217320265625 0.8474264703125 0.12418300625 0.8517156859374999 0.12009803906250001 0.8535539218749999 0.1045751640625
6 0.9154411765624999 0.2344771234375 0.907475490625 0.23611111093749998 0.9068627453125 0.2434640515625 0.9148284312499999 0.242647059375 0.9154411765624999 0.2344771234375
6 0.745710784375 0.0204248359375 0.746936275 0.0383986921875 0.7518382359375 0.0408496734375 0.7506127453125 0.01960784375 0.745710784375 0.0204248359375
6 0.191789215625 0.7638888890625 0.17340686249999998 0.776143790625 0.17585784375 0.784313725 0.19607843125 0.7736928109375001 0.191789215625 0.7638888890625