20 0.3239379078125 0.49387254843750006 0.33129084999999997 0.49448529375000005 0.3423202609375 0.490196078125 0.3455882359375 0.4825367640625 0.32107843125 0.437806371875 0.31617647031249996 0.4329044125 0.3075980390625 0.43351715625000004 0.2973856203125 0.44117647031249996 0.2892156859375 0.4485294125 0.2818627453125 0.44975490156250003 0.28676470625 0.4525122546875 0.3239379078125 0.49387254843750006
20 0.41830065312500003 0.37745097968749997 0.42606209218749996 0.3740808828125 0.43464052343750004 0.3734681375 0.42565359531249997 0.3802083328125 0.4223856203125 0.38756127500000004 0.44403594843749994 0.3915441171875 0.46323529375000005 0.38694852968750004 0.5294117640625 0.3670343140625 0.5224673203125 0.3578431375 0.516748365625 0.34375 0.5220588234375 0.336397059375 0.5220588234375 0.33210784375 0.49591503281250005 0.32261029375 0.4244281046875 0.3455882359375 0.43504902031250003 0.3544730390625 0.419117646875 0.3602941171875 0.4129901953125 0.3728553921875 0.41830065312500003 0.37745097968749997
4 0.43218954218750005 0.4779411765625 0.41748365937500004 0.4672181375 0.42483660156249997 0.48008578437500005 0.43218954218750005 0.4779411765625
4 0.4705882359375 0.46476715625000004 0.4787581703125 0.4678308828125 0.4783496734375 0.45067402031250003 0.4505718953125 0.450367646875 0.4705882359375 0.46476715625000004
4 0.45751634062499996 0.2634803921875 0.47303921562499995 0.2674632359375 0.48978758125 0.2674632359375 0.508169934375 0.26256127500000004 0.5077614374999999 0.2552083328125 0.509395425 0.245710784375 0.5142973859375 0.2368259796875 0.5028594765625 0.22916666718749998 0.4848856203125 0.2254901953125 0.48080065312500003 0.230085784375 0.4754901953125 0.2337622546875 0.46323529375000005 0.237438725 0.45669934687499997 0.23958333281250002 0.46119281093750003 0.25551470625 0.45751634062499996 0.2634803921875
4 0.5665849671875 0.1213235296875 0.5755718953125 0.1139705875 0.5747549015625 0.10814950937500001 0.5747549015625 0.102022059375 0.561274509375 0.0946691171875 0.552696078125 0.099571078125 0.553513071875 0.105085784375 0.5453431375 0.1139705875 0.5580065359375 0.12898284375 0.56331699375 0.125306371875 0.5665849671875 0.1213235296875
4 0.37745097968749997 0.26807597968749997 0.384803921875 0.2647058828125 0.385620915625 0.2564338234375 0.372957515625 0.25888480468749997 0.37745097968749997 0.26807597968749997
4 0.3811274515625 0.3670343140625 0.37785947656249996 0.3599877453125 0.3700980390625 0.359375 0.37254902031250003 0.367647059375 0.3811274515625 0.3670343140625
4 0.294934640625 0.390625 0.2875817 0.38756127500000004 0.2720588234375 0.390318628125 0.2561274515625 0.3955269609375 0.2638888890625 0.40287990156250003 0.2818627453125 0.3998161765625 0.2859477125 0.40012254843750006 0.2986111109375 0.40226715625000004 0.294934640625 0.390625
4 0.374591503125 0.4353553921875 0.3860294125 0.424632353125 0.374591503125 0.4197303921875 0.374591503125 0.4353553921875
4 0.44403594843749994 0.40226715625000004 0.453431371875 0.4212622546875 0.4579248359375 0.4166666671875 0.4522058828125 0.403492646875 0.44403594843749994 0.40226715625000004
4 0.47099673124999997 0.33180147031249996 0.47099673124999997 0.3259803921875 0.4607843140625 0.3186274515625 0.4513888890625 0.3296568625 0.4513888890625 0.3360906859375 0.47099673124999997 0.33180147031249996
4 0.5294117640625 0.443321078125 0.515931371875 0.4463848046875 0.51960784375 0.45710784374999996 0.5420751640625 0.45067402031250003 0.53676470625 0.4454656859375 0.5294117640625 0.443321078125
4 0.6401143796875 0.5131740203125 0.643382353125 0.5091911765625 0.640931371875 0.49295343125 0.6303104578125 0.484375 0.623774509375 0.50551470625 0.6209150328125 0.515931371875 0.6327614374999999 0.5361519609375 0.64379085 0.530024509375 0.6401143796875 0.5131740203125
4 0.64379085 0.6412377453125 0.64297385625 0.63511029375 0.6303104578125 0.6384803921875 0.6372549015625 0.6501225484375001 0.6491013078125001 0.6458333328125 0.64379085 0.6412377453125
4 0.6397058828125 0.365196078125 0.6041666671875 0.3609068625 0.5772058828125 0.3615196078125 0.581699346875 0.37101715625 0.589460784375 0.38051470625 0.6008986921874999 0.3743872546875 0.6139705875 0.37193627500000004 0.6372549015625 0.369178921875 0.6397058828125 0.365196078125
4 0.5506535953125 0.35049019531250003 0.5547385625000001 0.343443628125 0.5596405234375 0.342524509375 0.561274509375 0.3501838234375 0.571486928125 0.3431372546875 0.5702614374999999 0.33976715625 0.580065359375 0.3302696078125 0.5837418296875 0.320772059375 0.582516340625 0.31004902031250003 0.5776143796875 0.30238970625 0.562091503125 0.2984068625 0.5412581703125 0.3014705875 0.5330882359375 0.312806371875 0.5404411765625 0.3290441171875 0.544934640625 0.336397059375 0.54452614375 0.342524509375 0.5506535953125 0.344056371875 0.5506535953125 0.35049019531250003
4 0.6805555562500001 0.3795955875 0.6744281046875 0.3887867640625 0.6752450984375 0.3998161765625 0.68831699375 0.3998161765625 0.6919934640625 0.3952205875 0.6850490203125 0.3900122546875 0.68668300625 0.3826593140625 0.6805555562500001 0.3795955875
4 0.533905228125 0.3912377453125 0.5379901953124999 0.3771446078125 0.528186275 0.3799019609375 0.528594771875 0.38511029375 0.5253267968750001 0.3884803921875 0.5130718953125 0.393382353125 0.5220588234375 0.40870097968749997 0.52900326875 0.419117646875 0.53676470625 0.40012254843750006 0.533905228125 0.3912377453125
4 0.591094771875 0.336397059375 0.6123366015625 0.33118872499999996 0.6123366015625 0.326899509375 0.5927287578125 0.3275122546875 0.591094771875 0.336397059375
4 0.554330065625 0.2974877453125 0.57107843125 0.2984068625 0.58210784375 0.2950367640625 0.5776143796875 0.28492647031249996 0.570669934375 0.2791053921875 0.561274509375 0.2830882359375 0.5551470593750001 0.2821691171875 0.5514705875 0.287071078125 0.5453431375 0.28829656875 0.5453431375 0.2919730390625 0.5383986921874999 0.29136029375 0.5379901953124999 0.296875 0.54289215625 0.30085784375 0.554330065625 0.2974877453125
4 0.6311274515624999 0.278492646875 0.6290849671875 0.27236519531250003 0.6205065359375 0.2766544125 0.6205065359375 0.28125 0.6286764703125 0.288602940625 0.6311274515624999 0.278492646875
4 0.6319444437499999 0.30024509843749997 0.6184640515625001 0.299632353125 0.6200980390625 0.3075980390625 0.625 0.3146446078125 0.6372549015625 0.3020833328125 0.6319444437499999 0.30024509843749997
4 0.6311274515624999 0.31495097968749997 0.6458333328125 0.3131127453125 0.6556372546875 0.3103553921875 0.651143790625 0.3075980390625 0.6311274515624999 0.30851715625 0.6282679734375 0.3118872546875 0.6311274515624999 0.31495097968749997
4 0.6470588234375 0.296568628125 0.661356209375 0.2907475484375 0.6548202609375 0.2858455875 0.6470588234375 0.296568628125
4 0.590686275 0.4779411765625 0.5931372546875 0.47273284374999996 0.58210784375 0.469975490625 0.580882353125 0.47487745156249994 0.581699346875 0.481617646875 0.590686275 0.4779411765625
4 0.614379084375 0.3572303921875 0.6217320265625 0.349571078125 0.6180555562500001 0.34712009843749997 0.6078431375 0.3587622546875 0.61642156875 0.3615196078125 0.6299019609375 0.35631127500000004 0.6286764703125 0.35079656875 0.614379084375 0.3572303921875
4 0.8272058828125 0.48927696093749995 0.8210784312499999 0.49295343125 0.8206699343749999 0.4981617640625 0.8206699343749999 0.5061274515624999 0.830882353125 0.501225490625 0.8353758171875001 0.494178921875 0.8353758171875001 0.48988970624999995 0.8272058828125 0.48927696093749995
4 0.6221405234375 0.332414215625 0.6196895421875 0.33670343125 0.62418300625 0.33670343125 0.6307189546874999 0.32506127500000004 0.6221405234375 0.332414215625
4 0.6192810453125001 0.31954656875 0.633169934375 0.3189338234375 0.6200980390625 0.315257353125 0.6192810453125001 0.31954656875
4 0.7275326796875 0.3857230390625 0.733251634375 0.37101715625 0.7283496734375 0.36825980468749997 0.7271241828125 0.376225490625 0.723039215625 0.3829656859375 0.7275326796875 0.3857230390625
4 0.6503267968750001 0.33517156875 0.644199346875 0.328431371875 0.6372549015625 0.330882353125 0.6397058828125 0.339460784375 0.643382353125 0.335477940625 0.6503267968750001 0.33517156875
4 0.545751634375 0.3915441171875 0.5473856203125 0.38388480468749997 0.5404411765625 0.386335784375 0.545751634375 0.3915441171875
4 0.6094771234375 0.41237745156249994 0.6200980390625 0.4142156859375 0.6172385625000001 0.4077818625 0.6115196078125 0.407475490625 0.6094771234375 0.41237745156249994
4 0.739379084375 0.348039215625 0.7328431375 0.3612132359375 0.7442810453125001 0.3514093140625 0.739379084375 0.348039215625
4 0.77736928125 0.251225490625 0.76797385625 0.25367647031249996 0.758169934375 0.25245097968749997 0.7671568625 0.2579656859375 0.778594771875 0.2579656859375 0.77736928125 0.251225490625
4 0.79370915 0.171875 0.8071895421875 0.1724877453125 0.8088235296875 0.1685049015625 0.79289215625 0.166053921875 0.79370915 0.171875
4 0.357434640625 0.352022059375 0.3598856203125 0.3422181375 0.3500817 0.34773284375 0.3537581703125 0.35049019531250003 0.357434640625 0.352022059375
4 0.6405228765625 0.351102940625 0.6360294125 0.340992646875 0.6327614374999999 0.3431372546875 0.634803921875 0.3529411765625 0.6405228765625 0.351102940625
4 0.6466503265625 0.360600490625 0.653186275 0.356617646875 0.6470588234375 0.35539215625 0.6401143796875 0.359068628125 0.6466503265625 0.360600490625
4 0.7169117640625 0.353553921875 0.705882353125 0.3483455875 0.7001633984375 0.3489583328125 0.705065359375 0.352022059375 0.7128267968750001 0.355085784375 0.7169117640625 0.353553921875
4 0.7254901953124999 0.337928921875 0.715277778125 0.3416053921875 0.7205882359375 0.3452818625 0.7254901953124999 0.337928921875
4 0.44771241875 0.3232230390625 0.44117647031249996 0.3327205875 0.44526143749999997 0.336397059375 0.4517973859375 0.33363970625 0.44771241875 0.3232230390625
4 0.49428104531250006 0.31924019531250003 0.491830065625 0.3118872546875 0.4865196078125 0.31648284375 0.49428104531250006 0.31924019531250003
4 0.46323529375000005 0.6954656859375 0.47140522812499996 0.6969975484375001 0.47426470624999995 0.6868872546875 0.4693627453125 0.6700367640625 0.4591503265625 0.6752450984375 0.46446078437500005 0.687806371875 0.46323529375000005 0.6954656859375
4 0.8876633984375 0.3186274515625 0.8876633984375 0.3103553921875 0.8827614374999999 0.29993872499999996 0.8790849671875 0.3060661765625 0.8876633984375 0.3186274515625
4 0.7275326796875 0.15533088281250002 0.7291666671875 0.1614583328125 0.739379084375 0.166053921875 0.7434640515625001 0.16176470625 0.7328431375 0.15226715625 0.7275326796875 0.15533088281250002
4 0.366013071875 0.36642156875 0.36805555624999997 0.374693628125 0.37132352968750004 0.36611519531250003 0.366013071875 0.36642156875
4 0.247957515625 0.10814950937500001 0.259803921875 0.0983455875 0.2450980390625 0.099571078125 0.247957515625 0.10814950937500001
4 0.249591503125 0.0845588234375 0.2475490203125 0.09773284374999999 0.26225490156250003 0.094975490625 0.249591503125 0.0845588234375
4 0.22834967343749998 0.09895833281250001 0.23570261406249998 0.1041666671875 0.2438725484375 0.0986519609375 0.2475490203125 0.0912990203125 0.2446895421875 0.0827205875 0.23570261406249998 0.0912990203125 0.22834967343749998 0.09895833281250001
4 0.23161764687500003 0.0814950984375 0.23692810468749997 0.0775122546875 0.2348856203125 0.069852940625 0.22834967343749998 0.07261029375 0.23161764687500003 0.0814950984375
4 0.9628267968750001 0.40318627500000004 0.957516340625 0.4077818625 0.9616013078125001 0.41237745156249994 0.9677287578125 0.407475490625 0.9673202609375 0.39399509843749997 0.96323529375 0.3921568625 0.9628267968750001 0.40318627500000004
6 0.0077614375 0.271446078125 0.013071895312500002 0.2705269609375 0.018382353125 0.25398284375 0.013071895312500002 0.25245097968749997 0.0077614375 0.271446078125