4 0.234681371875 0.4052287578125 0.252757353125 0.39950980468749997 0.250306371875 0.383986928125 0.2432598046875 0.377042484375 0.22579656875 0.37867647031249996 0.21476715624999998 0.3794934640625 0.207414215625 0.38766339843750003 0.2025122546875 0.3999183 0.2012867640625 0.41094771249999995 0.22977941249999997 0.419117646875 0.2337622546875 0.41258169999999994 0.234681371875 0.4052287578125
4 0.21476715624999998 0.5796568625 0.2205882359375 0.5780228765625 0.22242647031249999 0.5678104578125 0.21599264687500003 0.56331699375 0.2120098046875 0.5665849671875 0.21415441249999997 0.572303921875 0.21476715624999998 0.5796568625
4 0.15471813750000002 0.36642156875 0.16176470625 0.366013071875 0.16176470625 0.35866013125 0.1596200984375 0.3533496734375 0.155024509375 0.35539215625 0.1501225484375 0.3635620921875 0.15471813750000002 0.36642156875
4 0.32138480468749997 0.6809640515625001 0.337928921875 0.6736111109375 0.3216911765625 0.6703431375 0.32138480468749997 0.6809640515625001
4 0.31648284375 0.6286764703125 0.326899509375 0.6282679734375 0.3186274515625 0.6184640515625001 0.31648284375 0.6286764703125
4 0.34712009843749997 0.526960784375 0.3532475484375 0.52573529375 0.3541666671875 0.5155228765625 0.346507353125 0.5134803921875 0.34129902031250003 0.5171568625 0.34007352968750004 0.5241013078125001 0.34712009843749997 0.526960784375
4 0.377757353125 0.4771241828125 0.3587622546875 0.4791666671875 0.36611519531250003 0.491830065625 0.379289215625 0.49387254843750006 0.396446078125 0.4869281046875 0.39613970625 0.48120915000000003 0.382352940625 0.481617646875 0.377757353125 0.4771241828125
4 0.36611519531250003 0.5118464046875 0.372242646875 0.51633986875 0.3697916671875 0.5073529406249999 0.36611519531250003 0.5118464046875
4 0.25245097968749997 0.5249183000000001 0.25704656875 0.51879085 0.257352940625 0.5126633984375 0.2545955875 0.5057189546874999 0.250306371875 0.508169934375 0.25245097968749997 0.518382353125 0.25245097968749997 0.5249183000000001
4 0.323835784375 0.44158496718749995 0.3299632359375 0.43178104531250006 0.3259803921875 0.42728758125 0.32261029375 0.428104575 0.323835784375 0.44158496718749995
4 0.3443627453125 0.437908496875 0.348039215625 0.43423202656250004 0.34068627500000004 0.428104575 0.34068627500000004 0.4375 0.3443627453125 0.437908496875
4 0.47579656875 0.573120915625 0.484375 0.58210784375 0.48927696093749995 0.5772058828125 0.487132353125 0.571895425 0.487132353125 0.563725490625 0.4828431375 0.56168300625 0.4767156859375 0.5665849671875 0.47579656875 0.573120915625
4 0.4310661765625 0.5796568625 0.4368872546875 0.5739379078125 0.42585784374999996 0.5682189546874999 0.4237132359375 0.571895425 0.4310661765625 0.5796568625
4 0.48743872499999996 0.5453431375 0.4935661765625 0.5392156859375 0.5009191171875 0.52573529375 0.4911151953125 0.51960784375 0.4825367640625 0.526960784375 0.4834558828125 0.5408496734375 0.48743872499999996 0.5453431375
4 0.7276348046875001 0.51879085 0.7153799015625 0.5232843140625 0.7046568625 0.5220588234375 0.688725490625 0.5563725484375001 0.69914215625 0.5625 0.7037377453125 0.5649509796875 0.7040441171875 0.5755718953125 0.7107843140625 0.58129085 0.7212009796875 0.5702614374999999 0.7254901953124999 0.5682189546874999 0.7334558828125 0.579248365625 0.7319240203125 0.591094771875 0.738664215625 0.590686275 0.751225490625 0.5935457515625 0.754289215625 0.5890522875 0.7619485296875 0.5833333328125 0.7622549015625 0.578431371875 0.75398284375 0.5665849671875 0.7447916671875 0.579248365625 0.7408088234375 0.58047385625 0.7521446078125 0.5657679734375 0.77726715625 0.5482026140625 0.775428921875 0.5412581703125 0.7873774515624999 0.5147058828125 0.7889093140625 0.5049019609375 0.7732843140625 0.5065359484374999 0.7631740203125 0.5057189546874999 0.75551470625 0.50857843125 0.748774509375 0.5032679734375 0.74295343125 0.5077614374999999 0.73988970625 0.51879085 0.7276348046875001 0.51879085
4 0.7493872546875 0.35580065312500003 0.7484681375 0.36274509843749997 0.7377450984375 0.366013071875 0.7294730390625 0.3541666671875 0.7267156859375 0.3361928109375 0.7212009796875 0.3259803921875 0.7110906859375 0.31944444375000003 0.7037377453125 0.3169934640625 0.6881127453125 0.319852940625 0.6853553921875 0.3267973859375 0.6822916671875 0.3390522875 0.67585784375 0.3423202609375 0.66329656875 0.3419117640625 0.6623774515624999 0.3631535953125 0.669117646875 0.3684640515625 0.6752450984375 0.365196078125 0.677696078125 0.367647059375 0.68198529375 0.3709150328125 0.687193628125 0.3688725484375 0.6850490203125 0.373774509375 0.6801470593750001 0.3815359484375 0.6703431375 0.3905228765625 0.674938725 0.40114379062500005 0.6783088234375 0.40972222187499996 0.6810661765625 0.41830065312500003 0.6920955875 0.41952614375 0.69914215625 0.41789215625000004 0.701899509375 0.40318627500000004 0.7022058828125 0.3884803921875 0.6957720593750001 0.366013071875 0.7037377453125 0.35866013125 0.7123161765625 0.3684640515625 0.7212009796875 0.3803104578125 0.734681371875 0.3892973859375 0.7417279406249999 0.39297385625 0.747242646875 0.3860294125 0.7509191171875 0.372957515625 0.7493872546875 0.35580065312500003
4 0.78523284375 0.5861928109375001 0.7904411765625 0.5796568625 0.7861519609375 0.5698529406249999 0.78125 0.572303921875 0.778492646875 0.5649509796875 0.7708333328125 0.5653594765625 0.7720588234375 0.579248365625 0.78125 0.5870098046875001 0.7787990203125 0.589460784375 0.7748161765625 0.5849673203125 0.778186275 0.5935457515625 0.78523284375 0.5861928109375001
4 0.7879901953124999 0.5420751640625 0.7803308828125 0.544934640625 0.7751225484375001 0.553513071875 0.782475490625 0.57107843125 0.7919730390625 0.5498366015625 0.7879901953124999 0.5420751640625
4 0.6295955875 0.48856209218749996 0.630821078125 0.48202614375 0.625 0.47385620937499995 0.622242646875 0.4865196078125 0.6295955875 0.48856209218749996
4 0.61948529375 0.42524509843749997 0.6332720593750001 0.42116013125 0.6259191171875 0.41053921562499995 0.6216299015625 0.4170751640625 0.61948529375 0.42524509843749997
4 0.5891544125 0.6756535953125 0.5958946078125 0.6719771234375 0.5876225484375001 0.6654411765625 0.583946078125 0.669934640625 0.5891544125 0.6756535953125
4 0.9350490203125 0.4607843140625 0.9473039218749999 0.4607843140625 0.9408700984375 0.446486928125 0.9353553921875 0.437908496875 0.9286151953124999 0.44281045781249995 0.9209558828125 0.4530228765625 0.9350490203125 0.4607843140625
4 0.43995097968749997 0.4154411765625 0.4329044125 0.4150326796875 0.4286151953125 0.4154411765625 0.4322916671875 0.4203431375 0.4393382359375 0.4203431375 0.43995097968749997 0.4154411765625
4 0.0747549015625 0.6111111109375 0.082414215625 0.6098856203125 0.0787377453125 0.6013071890624999 0.0689338234375 0.6037581703125 0.0747549015625 0.6111111109375
4 0.3642769609375 0.5 0.3685661765625 0.49550653593750005 0.36642156875 0.48978758125 0.35631127500000004 0.500408496875 0.3642769609375 0.5
57 0.326899509375 0.9003267968750001 0.3299632359375 0.893382353125 0.3302696078125 0.8827614374999999 0.32567402031250003 0.8794934640625 0.3216911765625 0.8790849671875 0.31617647031249996 0.8790849671875 0.3125 0.8864379078125 0.31556372499999996 0.8978758171875001 0.3186274515625 0.903594771875 0.32475490156250003 0.9064542484375 0.326899509375 0.9003267968750001
6 0.5772058828125 0.3692810453125 0.55851715625 0.374591503125 0.55851715625 0.3799019609375 0.5631127453125 0.3799019609375 0.5762867640625 0.37581699375 0.5772058828125 0.3692810453125
4 0.20220588281250002 0.8647875812500001 0.195772059375 0.8607026140625 0.1924019609375 0.8607026140625 0.20036764687500003 0.872957515625 0.2095588234375 0.877042484375 0.20220588281250002 0.8647875812500001