20 0.2001096484375 0.034749999999999996 0.22587719375 0.0355 0.237938596875 0.034 0.23519736875000002 0 0.179276315625 0.0005 0.1842105265625 0.027500000000000004 0.1825657890625 0.0325 0.2001096484375 0.034749999999999996
33 0.2494517546875 0.27075 0.23355263124999998 0.25 0.2001096484375 0.24575 0.194078946875 0.25 0.1990131578125 0.26075 0.1853070171875 0.27675 0.20339912343750002 0.277 0.19956140312499998 0.28925 0.1924342109375 0.307 0.2236842109375 0.31375000000000003 0.2423245609375 0.28375 0.2494517546875 0.27075
57 0.061403509375 0.31225 0.0328947375 0.29525 0.03125 0.288 0.0197368421875 0.2955 0.009868420312499999 0.29700000000000004 0.012061403125 0.3035 0.002741228125 0.31525 0.0005482453125 0.32625000000000004 0.006578946875 0.33725 0.0263157890625 0.3375 0.0400219296875 0.331 0.061403509375 0.31225
57 0.1677631578125 0.16425 0.19133771875 0.16499999999999998 0.2099780703125 0.16425 0.22971491249999998 0.16575 0.2330043859375 0.16299999999999998 0.21600877187499998 0.1585 0.2001096484375 0.15575 0.179276315625 0.15875 0.1677631578125 0.16425
57 0.047697368750000003 0.57725 0.0603070171875 0.58675 0.0888157890625 0.5845 0.08662280624999999 0.579 0.087171053125 0.57325 0.0849780703125 0.5685 0.0778508765625 0.5589999999999999 0.037280701562500004 0.56425 0.047697368750000003 0.57725
20 0.153508771875 0.6785 0.1540570171875 0.673 0.11074561406250001 0.6635 0.10087719375 0.658 0.0224780703125 0.647 0.013157895312500001 0.64725 0.001096490625 0.6535 0.004385965625 0.6717500000000001 0.0712719296875 0.6799999999999999 0.0888157890625 0.6809999999999999 0.0986842109375 0.67925 0.1282894734375 0.68075 0.1447368421875 0.68275 0.153508771875 0.6785
57 0.75548245625 0.72575 0.7439692984375 0.73375 0.7532894734375 0.73325 0.7609649125 0.73525 0.7834429828125 0.727 0.774671053125 0.71725 0.7658991234375 0.717 0.75548245625 0.72575
57 0.377741228125 0.40925 0.373903509375 0.40650000000000003 0.3552631578125 0.40824999999999995 0.3525219296875 0.41425 0.3591008765625 0.41675000000000006 0.3755482453125 0.42575 0.38103070156249996 0.426 0.40844298281249997 0.41875 0.40186403437499996 0.41050000000000003 0.3859649125 0.40774999999999995 0.377741228125 0.40925
57 0.1984649125 0.6992499999999999 0.2264254390625 0.6925 0.22203947343750002 0.6717500000000001 0.21600877187499998 0.67375 0.1984649125 0.6992499999999999
57 0.3037280703125 0.0505 0.31962719375000004 0.060250000000000005 0.3305921046875 0.05775 0.330043859375 0.04325 0.3212719296875 0.034749999999999996 0.30866228125 0.01525 0.2982456140625 0.025750000000000002 0.308114034375 0.03425 0.3037280703125 0.0505
6 0.2532894734375 0.7707499999999999 0.2702850875 0.7657499999999999 0.2713815796875 0.76125 0.2521929828125 0.7665 0.2532894734375 0.7707499999999999
57 0.37116228125 0.8305 0.36293859687499996 0.827 0.35581140312500004 0.82 0.3256578953125 0.828 0.3311403515625 0.8355 0.37116228125 0.84375 0.37116228125 0.8305
39 0.2900219296875 0.532 0.2724780703125 0.53275 0.2505482453125 0.5429999999999999 0.25603070156249996 0.5467500000000001 0.24725877187499998 0.563 0.24725877187499998 0.56925 0.236293859375 0.57125 0.2439692984375 0.5740000000000001 0.256578946875 0.571 0.2708333328125 0.56075 0.27412280624999996 0.55125 0.2817982453125 0.54775 0.2900219296875 0.532
57 0.17543859687500002 0.69775 0.19462719374999998 0.70225 0.1990131578125 0.693 0.2017543859375 0.688 0.19133771875 0.68525 0.17982456093750002 0.6832499999999999 0.162828946875 0.6950000000000001 0.17543859687500002 0.69775