8 0.7764423078125 0.503525640625 0.7331730765625 0.43205128281249994 0.5954326921875001 0.202564103125 0.5771634609375 0.20641025625 0.4949519234375 0.29326923125 0.42355769218750006 0.3878205125 0.4889423078125 0.490384615625 0.5918269234375 0.6554487171875001 0.622115384375 0.678205128125 0.6331730765625 0.678205128125 0.7574519234375 0.5272435890625 0.7603365390625 0.5307692312500001 0.7990384609375 0.5378205125 0.7764423078125 0.503525640625
12 0.75 0.536858975 0.7278846156250001 0.5637820515625 0.7290865390625 0.5733974359375 0.74110576875 0.5855769234375 0.7521634609375 0.5871794875 0.7894230765625 0.571474359375 0.7875 0.54423076875 0.771634615625 0.534615384375 0.75 0.536858975
12 0.731971153125 0.588141025 0.7302884609375 0.596794871875 0.730528846875 0.622435896875 0.730528846875 0.6753205125 0.7375 0.690384615625 0.7504807687499999 0.691025640625 0.7670673078125 0.6891025640625 0.777403846875 0.6762820515625 0.764903846875 0.5858974359375 0.7514423078125 0.5871794875 0.739903846875 0.5855769234375 0.731971153125 0.588141025
12 0.7295673078125 0.5772435890625001 0.7168269234375 0.578205128125 0.7146634609375 0.5871794875 0.7129807687499999 0.6 0.7079326921875 0.6169871796875 0.6865384609375 0.6698717953125 0.6887019234375 0.677884615625 0.703125 0.6826923078125 0.7235576921875 0.6817307687499999 0.7298076921875001 0.6653846156250001 0.73076923125 0.638141025 0.7286057687499999 0.5958333328125 0.728365384375 0.58173076875 0.7295673078125 0.5772435890625001
12 0.6504807687499999 0.666025640625 0.662259615625 0.674358975 0.6771634609375 0.677564103125 0.68389423125 0.6733974359375 0.706490384375 0.6192307687499999 0.713221153125 0.600641025 0.7134615390625 0.5919871796875 0.7026442312500001 0.5887820515625 0.6516826921875001 0.6554487171875001 0.6504807687499999 0.666025640625
12 0.7197115390625 0.7003205125 0.721875 0.746153846875 0.7360576921875001 0.752564103125 0.7987980765625 0.749358975 0.8040865390624999 0.736858975 0.8021634609375001 0.696474359375 0.79375 0.6891025640625 0.7290865390625 0.691346153125 0.7197115390625 0.7003205125
12 0.7762019234374999 0.8426282046875 0.7865384609375 0.8442307687499999 0.7983173078125 0.8419871796875 0.8067307687499999 0.8362179484375 0.8120192312500001 0.8208333328125 0.8016826921875 0.749358975 0.7574519234375 0.753525640625 0.768028846875 0.8272435890625 0.7762019234374999 0.8426282046875
12 0.703846153125 0.7583333328124999 0.69639423125 0.766025640625 0.6918269234375 0.771794871875 0.691346153125 0.7894230765625 0.7177884609375 0.8676282046875 0.7334134609375 0.8692307687499999 0.747596153125 0.8615384609375001 0.7557692312500001 0.8477564109375001 0.7552884609375 0.8391025640625 0.7322115390625 0.7634615390625 0.724759615625 0.75673076875 0.716346153125 0.7541666671875 0.703846153125 0.7583333328124999
12 0.6144230765625001 0.7858974359374999 0.6081730765625 0.7983974359375 0.6072115390625 0.8134615390625 0.6125 0.8221153843750001 0.6557692312500001 0.8826923078125001 0.6665865390625 0.8820512828125 0.6798076921875 0.8740384609375 0.681971153125 0.863141025 0.6855769234375 0.8512820515625 0.6829326921875001 0.8365384609375001 0.6411057687499999 0.7753205125 0.63173076875 0.7733974359375 0.6233173078124999 0.7769230765625 0.6144230765625001 0.7858974359374999
12 0.7012019234375 0.6865384609375 0.6451923078124999 0.7237179484375 0.63798076875 0.7455128203125 0.6471153843749999 0.7647435890625001 0.656971153125 0.7740384609375 0.666346153125 0.7772435890625 0.718990384375 0.738141025 0.7192307687499999 0.7073717953124999 0.7112980765625 0.6923076921875 0.7012019234375 0.6865384609375
12 0.652403846875 0.6557692312500001 0.6334134609375 0.6788461531250001 0.6230769234375 0.6788461531250001 0.614903846875 0.6737179484375 0.5947115390625 0.6855769234375 0.59014423125 0.6939102562499999 0.5894230765625 0.7108974359375 0.5956730765625 0.727564103125 0.6043269234374999 0.7416666671875001 0.6134615390625 0.7435897437500001 0.6661057687499999 0.709935896875 0.6740384609375 0.6983974359375 0.6735576921875001 0.684935896875 0.671634615625 0.6772435890625 0.6612980765625001 0.675 0.6504807687499999 0.666025640625 0.652403846875 0.6557692312500001
12 0.493028846875 0.5490384609375 0.48125 0.5644230765625 0.475721153125 0.5791666671875 0.48052884687499997 0.5891025640625001 0.4822115390625 0.596153846875 0.512740384375 0.6301282046875001 0.5269230765625 0.6589743593749999 0.5423076921875001 0.6516025640625001 0.5533653843749999 0.6375 0.5572115390625 0.6208333328125 0.556490384375 0.6099358968749999 0.5225961531250001 0.56858974375 0.512259615625 0.5483974359375 0.50264423125 0.54326923125 0.493028846875 0.5490384609375
12 0.4552884609375 0.81891025625 0.45985576874999995 0.828205128125 0.4762019234375 0.8358974359375001 0.4954326921875 0.8391025640625 0.500721153125 0.8330128203125 0.5161057687499999 0.7448717953124999 0.513221153125 0.7269230765625 0.477884615625 0.7166666671875 0.4701923078125 0.7294871796875 0.4552884609375 0.81891025625
12 0.41201923125000006 0.3416666671875 0.39735576875 0.340064103125 0.391346153125 0.347435896875 0.3853365390625 0.3621794875 0.3800480765625 0.3875 0.37548076875 0.422435896875 0.3670673078125 0.4259615390625 0.36394230781250003 0.43269230781249995 0.365384615625 0.44647435937499996 0.3730769234375 0.45801282031249996 0.3865384609375 0.4641025640625 0.39759615312499996 0.46570512812500003 0.4021634609375 0.46025641093749997 0.41105769218750005 0.44743589687499996 0.412740384375 0.41057692343749996 0.4233173078125 0.3858974359375 0.43173076874999994 0.3708333328125 0.43269230781249995 0.358653846875 0.42620192343749996 0.35128205156250003 0.41201923125000006 0.3416666671875
12 0.30120192343749996 0.30576923125 0.2959134609375 0.30576923125 0.29375 0.3105769234375 0.294471153125 0.321794871875 0.2896634609375 0.3375 0.29254807656250004 0.3426282046875 0.297596153125 0.3541666671875 0.31610576875 0.3644230765625 0.328846153125 0.38333333281250004 0.3514423078125 0.4009615390625 0.3675480765625 0.39519230781250003 0.3790865390625 0.38108974375 0.384375 0.3634615390625 0.3875 0.3544871796875 0.371875 0.3253205125 0.3175480765625 0.29006410312500003 0.30817307656250004 0.29551282031250004 0.30120192343749996 0.30576923125
12 0.10120192343750001 0.41057692343749996 0.090384615625 0.4195512828125 0.090865384375 0.4301282046875 0.08942307656250001 0.44102564062500005 0.102884615625 0.5339743593749999 0.11418269218749999 0.5451923078124999 0.12451923125 0.546153846875 0.1418269234375 0.5419871796875 0.15528846093749998 0.5310897437500001 0.158653846875 0.5173076921875001 0.1454326921875 0.4240384609375 0.136778846875 0.40673076874999997 0.118028846875 0.40673076874999997 0.10120192343750001 0.41057692343749996
45 0.3048076921875 0.3272435890625 0.30817307656250004 0.322115384375 0.3074519234375 0.3125 0.29735576875 0.3054487171875 0.293509615625 0.3125 0.2959134609375 0.32115384687500004 0.3048076921875 0.3272435890625
45 0.490384615625 0.5669871796875 0.4949519234375 0.5637820515625 0.4985576921875 0.5576923078125 0.4949519234375 0.5580128203125 0.4884615390625 0.5641025640625 0.490384615625 0.5669871796875
45 0.7139423078125 0.7650641031250001 0.7074519234375 0.7576923078125 0.703125 0.7666666671875 0.7076923078124999 0.7701923078124999 0.7139423078125 0.7650641031250001
45 0.37956730781250003 0.46858974375000007 0.384615384375 0.466025640625 0.3759615390625 0.46025641093749997 0.37451923125 0.465064103125 0.37956730781250003 0.46858974375000007