6 0.5210843374999999 0.218185240625 0.536813921875 0.2264683734375 0.6686746984374999 0.18467620468749998 0.658299865625 0.16961596406249999 0.6328647921874999 0.162274096875 0.56526104375 0.17978162656250002 0.5023427046875 0.2010542171875 0.508701471875 0.20839608437499998 0.5210843374999999 0.218185240625
25 0.44946452499999995 0.5073418671875001 0.4608433734375 0.5239081328124999 0.4822623828125 0.536521084375 0.5127175375 0.5451807234375 0.5361445781249999 0.5466867468750001 0.564926371875 0.5393448796875 0.5829986609375 0.5320030124999999 0.6020749671875001 0.5124246984374999 0.6044176703125 0.49623493906249994 0.60174029375 0.4836219875 0.572623828125 0.468185240625 0.5498661312500001 0.4612198796875 0.52309236875 0.4599021078125 0.49698795156250003 0.46310240937499997 0.4755689421875 0.469691265625 0.45749665312500004 0.47816264999999997 0.44745649218750005 0.48230421718749994 0.449129853125 0.48889307187500003 0.44946452499999995 0.5073418671875001
57 0.9126506031250001 0.40436747031250003 0.9186746984375 0.40436747031250003 0.9334002671875 0.375564759375 0.87148594375 0.36878764999999997 0.8614457828125 0.3879894578125 0.8995983937500001 0.407191265625 0.9126506031250001 0.40436747031250003
29 0.039156626562500005 0.31494728906249997 0.041164659375 0.31287650624999996 0.0314591703125 0.3102409640625 0.020080321875 0.31174698749999996 0.0237617140625 0.3147590359375 0.028447121875 0.3140060234375 0.039156626562500005 0.31494728906249997
29 0.0900267734375 0.41057981874999994 0.093038821875 0.40775602343750006 0.0903614453125 0.40267319218750003 0.100736278125 0.39627259062500003 0.09638554218749999 0.39420180781249997 0.0883534140625 0.40060240937499997 0.084672021875 0.39834337343750004 0.08099062968750001 0.399849396875 0.0900267734375 0.41057981874999994
29 0.0970548859375 0.4523719875 0.0876840703125 0.44728915625 0.0749665328125 0.4465361453125 0.0732931734375 0.454066265625 0.0773092375 0.4606551203125 0.0970548859375 0.4523719875
29 0.027443106249999998 0.5432981921875 0.039156626562500005 0.546875 0.04283801875 0.5434864453125 0.036144578125 0.5399096390625 0.001004015625 0.5393448796875 0.0026773765625 0.5440512046875 0.008701471875 0.5429216875 0.027443106249999998 0.5432981921875
29 0.020080321875 0.5980798187499999 0.013721553124999999 0.59958584375 0.0097054890625 0.5986445781249999 0.0053547515625 0.5954442765625 0.0016733593750000002 0.5965737953125 0.006693440625 0.6024096390625 0.014725568750000001 0.6027861453125001 0.021419009375 0.59958584375 0.0261044171875 0.5973268078125 0.025100401562500003 0.589043675 0.0153949125 0.5899849390624999 0.020080321875 0.59487951875 0.020080321875 0.5980798187499999
29 0.061914323437499995 0.5788780124999999 0.0679384203125 0.58320783125 0.0746318609375 0.58396084375 0.0829986609375 0.5820783125 0.0893574296875 0.5753012046875 0.0893574296875 0.5721009031250001 0.078982596875 0.571724396875 0.0766398921875 0.5753012046875 0.07128514062499999 0.5768072296875 0.06526104375 0.5758659640625 0.061914323437499995 0.5788780124999999
29 0.0813253015625 0.7021837343749999 0.06593038749999999 0.708396084375 0.061914323437499995 0.7117846390625 0.0696117796875 0.714608434375 0.08366800468749999 0.709525603125 0.0940428375 0.708772590625 0.1024096390625 0.7063253015625001 0.10742971875 0.702560240625 0.115127175 0.7053840359375 0.1171352078125 0.703125 0.1124497984375 0.7004894578124999 0.1020749671875 0.6982304218750001 0.09136546250000001 0.6991716875 0.0813253015625 0.7021837343749999
29 0.149263721875 0.9367469875 0.14959839375 0.932981928125 0.14390896875 0.932981928125 0.135876840625 0.93787650625 0.13721552812499999 0.943147590625 0.149263721875 0.9367469875
29 0.43005354687499997 0.8955195781249999 0.43942436406249996 0.896272590625 0.448460509375 0.9030496984375 0.457831325 0.9043674703125 0.46619812656250004 0.9026731921875 0.4688755015625 0.890625 0.462516734375 0.88949548125 0.4538152609375 0.890060240625 0.45716198124999996 0.8874246984375 0.46686747031250003 0.8857304218750001 0.46619812656250004 0.8815888546874999 0.45013386874999994 0.8853539156249999 0.44243641250000004 0.8889307234375 0.43741633125 0.8923192765625 0.43005354687499997 0.8955195781249999
29 0.5297858093750001 0.770143071875 0.5264390890625 0.770143071875 0.5257697453125 0.7797439765624999 0.5297858093750001 0.770143071875
29 0.4956492640625 0.8522213859375001 0.4949799203125 0.8477033125 0.4902945109375 0.84883283125 0.4902945109375 0.853727409375 0.4986613125 0.8565512046875 0.5 0.85429216875 0.4956492640625 0.8522213859375001
29 0.678045515625 0.88554216875 0.678045515625 0.8881777109375 0.6770415 0.8940135546875 0.68607764375 0.89683735 0.687081659375 0.8945783125 0.6813922359375 0.8919427703125 0.6827309234375 0.8876129515625 0.6897590359375 0.8859186749999999 0.6834002671875 0.8829066265625001 0.6750334671875 0.8821536140624999 0.663989290625 0.8847891562499999 0.6646586343750001 0.8876129515625 0.6713520749999999 0.8853539156249999 0.678045515625 0.88554216875
29 0.662985275 0.901731928125 0.662985275 0.8940135546875 0.6606425703125 0.8893072296875 0.650602409375 0.8859186749999999 0.656961178125 0.8913780125 0.6586345375 0.8964608437500001 0.662985275 0.901731928125
29 0.9317269078124999 0.23964608437499998 0.948460509375 0.23870481875 0.9531459171875 0.233433734375 0.9518072296875 0.224774096875 0.9444444437499999 0.22213855468750002 0.941432396875 0.2266566265625 0.9457831328124999 0.2311746984375 0.9427710843750001 0.2358810234375 0.9303882203124999 0.23663403593750001 0.9317269078124999 0.23964608437499998
29 0.948460509375 0.2420933734375 0.9508032125 0.24962349375 0.9447791171875 0.2522590359375 0.948460509375 0.25508283125000003 0.9551539484375 0.2528237953125 0.95850066875 0.2467996984375 0.96552878125 0.24529367500000002 0.96552878125 0.2424698796875 0.9534805890625 0.2420933734375 0.9608433734374999 0.235316265625 0.9554886218749999 0.233810240625 0.948460509375 0.2420933734375
29 0.2463186078125 0.48286897656249994 0.2396251671875 0.48192771093750003 0.24263721562499999 0.48588102343750006 0.23661311875000002 0.4909638546875 0.2382864796875 0.4966114453125 0.24330655937499998 0.5022590359375 0.24196787187500002 0.5075301203125 0.2479919671875 0.5112951812500001 0.25234270468750003 0.50508283125 0.26338688125 0.5015060234375001 0.2751004015625 0.499435240625 0.27242302500000004 0.49736445781249994 0.264390896875 0.49868222968750003 0.2593708171875 0.4966114453125 0.2597054890625 0.4926581328125 0.2600401609375 0.48814006093750006 0.2570281125 0.4860692765625 0.24899598437499998 0.4851280125 0.2463186078125 0.48286897656249994
29 0.22690763125000002 0.6123870484375 0.22958500625 0.6163403609375 0.22690763125000002 0.6214231921875 0.22690763125000002 0.6253765062500001 0.23192771093750003 0.625 0.23661311875000002 0.619352409375 0.2446452484375 0.6169051203125 0.2466532796875 0.6127635546875 0.244310575 0.6078689765624999 0.2382864796875 0.6020331328124999 0.227242303125 0.6018448796875 0.23393574374999998 0.6076807234375 0.23393574374999998 0.613893071875 0.2305890234375 0.6103162656250001 0.22690763125000002 0.6123870484375
29 0.1840696125 0.600150603125 0.20046854062500002 0.5963855421875001 0.2105087015625 0.587349396875 0.2091700140625 0.5820783125 0.20448460468750002 0.57925451875 0.20113788437500002 0.5803840359375 0.20615796562500002 0.5849021078125001 0.1974564921875 0.5933734937499999 0.1834002671875 0.5971385546875 0.1840696125 0.600150603125
29 0.3617804546875 0.6069277109375 0.37851405625 0.6073042171874999 0.3882195453125 0.59487951875 0.3821954484375 0.583772590625 0.3721552875 0.589043675 0.371820615625 0.5939382531249999 0.36579651874999997 0.6003388546874999 0.3617804546875 0.6069277109375
29 0.37483266406250004 0.6321536140624999 0.3684738953125 0.6223644578124999 0.365461846875 0.6248117468750001 0.36981258437500003 0.6298945781249999 0.3678045515625 0.6327183734374999 0.3611111109375 0.63083584375 0.3580990625 0.6234939765624999 0.35174029375 0.6221762046875 0.356425703125 0.631400603125 0.36445783125000003 0.6351656625000001 0.36981258437500003 0.634977409375 0.37483266406250004 0.6321536140624999
29 0.6181392234375 0.5660768078125 0.62282463125 0.55741716875 0.6161311921875 0.5564759031250001 0.6101070953125001 0.5655120484375 0.6171352078125001 0.5732304218750001 0.6244979921875 0.5715361453125001 0.6181392234375 0.5660768078125
29 0.5876840703124999 0.45500752968749997 0.5813253015625001 0.45463102343750006 0.571954484375 0.4559487953125 0.5753012046875 0.45180722968750003 0.58634538125 0.44992469843749994 0.5913654625 0.44804216874999997 0.5856760375000001 0.4448418671875 0.5806559578125 0.45011295156250003 0.5756358765625 0.44710090312500006 0.572623828125 0.4497364453125 0.5665997328125 0.45632530156250006 0.5706157968750001 0.4606551203125 0.584672021875 0.45745481874999994 0.5766398921875 0.4602786140625 0.580321284375 0.46272590312500006 0.5940428375 0.45914909687499994 0.6004016062499999 0.4599021078125 0.6040829984375 0.4559487953125 0.5963855421875001 0.4548192765625 0.5876840703124999 0.45500752968749997
29 0.45515394843749996 0.16716867500000002 0.472891565625 0.1705572296875 0.4742302546875 0.16754518125 0.465863453125 0.165474396875 0.46352075 0.16208584374999999 0.45247657343750003 0.1632153609375 0.4354083 0.1600150609375 0.4354083 0.1649096390625 0.45515394843749996 0.16716867500000002
29 0.8895582328125 0.43862951875 0.8738286484375 0.43862951875 0.8761713515625 0.44239457812499994 0.8892235609375 0.4442771078125 0.8895582328125 0.43862951875