30 0.12116228124999999 0.8237500000000001 0.1069078953125 0.82875 0.09375 0.8300000000000001 0.0838815796875 0.8375 0.055372806249999997 0.8605 0.055921053124999995 0.8644999999999999 0.188596490625 0.9365 0.23355263124999998 0.9337500000000001 0.248903509375 0.93825 0.26918859687499996 0.9337500000000001 0.271929825 0.9255000000000001 0.26644736875 0.91325 0.2735745609375 0.89925 0.2697368421875 0.893 0.2450657890625 0.8805 0.201206140625 0.8585 0.155153509375 0.836 0.12116228124999999 0.8237500000000001
38 0.2724780703125 0.92675 0.26918859687499996 0.9189999999999999 0.26206140312500004 0.91975 0.2494517546875 0.92225 0.2401315796875 0.9269999999999999 0.23410087656249998 0.9332499999999999 0.248903509375 0.93825 0.2708333328125 0.9337500000000001 0.2724780703125 0.92675
57 0.111293859375 0.9262499999999999 0.1052631578125 0.9097500000000001 0.09375 0.9015000000000001 0.09375 0.8865000000000001 0.07894736875 0.8787499999999999 0.053179825 0.8755000000000001 0.0411184203125 0.883 0.043859648437499996 0.8977499999999999 0.06085526249999999 0.9077500000000001 0.076206140625 0.9022500000000001 0.0822368421875 0.91525 0.096491228125 0.9255000000000001 0.111293859375 0.9262499999999999
57 0.3936403515625 0.76775 0.40460526249999995 0.7787499999999999 0.4298245609375 0.78275 0.4533991234375 0.77725 0.49451754374999995 0.751 0.5104166671875 0.733 0.5186403515625 0.71425 0.5296052625 0.69575 0.524671053125 0.6872499999999999 0.51480263125 0.68075 0.4950657890625 0.67625 0.47807017500000004 0.67675 0.46217105312499995 0.69375 0.45175438593750006 0.718 0.41940789531249995 0.7382500000000001 0.40186403437499996 0.7542500000000001 0.3936403515625 0.76775
57 0.513706140625 0.76875 0.46929824531250003 0.74425 0.4462719296875 0.7394999999999999 0.41173245625000005 0.754 0.47478070156249996 0.78725 0.513706140625 0.76875
52 0.544956140625 0.44025 0.5509868421874999 0.44225000000000003 0.570723684375 0.43600000000000005 0.5712719296875 0.43224999999999997 0.565241228125 0.42824999999999996 0.5712719296875 0.42225 0.5696271937499999 0.4095 0.548793859375 0.39849999999999997 0.5202850875 0.38225 0.50548245625 0.3765 0.48300438593750006 0.3875 0.4583333328125 0.395 0.46820175468749997 0.40650000000000003 0.482456140625 0.41825 0.5120614031249999 0.43825000000000003 0.5307017546874999 0.43925000000000003 0.5383771937499999 0.43499999999999994 0.54769736875 0.437 0.544956140625 0.44025
57 0.53673245625 0.39075000000000004 0.526864034375 0.38025000000000003 0.5098684203125 0.372 0.4786184203125 0.37 0.4786184203125 0.37725 0.4841008765625 0.3855 0.5032894734375 0.37575 0.5202850875 0.382 0.53673245625 0.39075000000000004
7 0.24067982500000001 0.346 0.2516447375 0.3525 0.2955043859375 0.35575 0.2922149125 0.35150000000000003 0.308114034375 0.3435 0.2998903515625 0.333 0.2845394734375 0.32325 0.2549342109375 0.31375000000000003 0.2412280703125 0.31925 0.23519736875000002 0.32599999999999996 0.2319078953125 0.335 0.24067982500000001 0.346
57 0.4895833328125 0.24825 0.51480263125 0.23725000000000002 0.5049342109375 0.23224999999999998 0.4791666671875 0.24225 0.4895833328125 0.24825
57 0.47587719375 0.255 0.48190789531249995 0.26125 0.482456140625 0.25325000000000003 0.47587719375 0.255
57 0.90241228125 0.6615 0.9067982453125 0.6587500000000001 0.87883771875 0.6475 0.8760964906250001 0.65125 0.90241228125 0.6615
57 0.3651315796875 0.72025 0.3623903515625 0.73125 0.3947368421875 0.7344999999999999 0.376096490625 0.72375 0.3651315796875 0.72025
57 0.252741228125 0.16 0.2494517546875 0.162 0.2532894734375 0.1655 0.2494517546875 0.17375000000000002 0.2549342109375 0.17575000000000002 0.2598684203125 0.1685 0.25712719375000004 0.16325 0.252741228125 0.16