35 0.6427696078125 0.5931372546875 0.6482843140625 0.6041666671875 0.655943628125 0.6127450984375 0.668811275 0.623774509375 0.6724877453125 0.623774509375 0.674632353125 0.6196895421875 0.6868872546875 0.5690359484374999 0.69301470625 0.544117646875 0.693321078125 0.5408496734375 0.6899509796875 0.53349673125 0.6856617640625 0.528186275 0.67892156875 0.5228758171875 0.6743259796875 0.5228758171875 0.6654411765625 0.5326797390625 0.65625 0.5469771234375 0.6455269609375 0.5641339875 0.6387867640625 0.5755718953125 0.6387867640625 0.5829248359375 0.6427696078125 0.5931372546875
29 0.07659313749999999 0.40931372499999996 0.0686274515625 0.41789215625000004 0.0646446078125 0.4227941171875 0.0643382359375 0.43014705937500003 0.0649509796875 0.43096405156250006 0.062806371875 0.43423202656250004 0.0579044125 0.44281045781249995 0.0625 0.44240196093749995 0.109068628125 0.3905228765625 0.11642156875000001 0.382352940625 0.1170343140625 0.377042484375 0.1139705875 0.377042484375 0.113664215625 0.375408496875 0.1115196078125 0.37254902031250003 0.11121323593750002 0.3700980390625 0.10814950937500001 0.3700980390625 0.102022059375 0.374591503125 0.0955882359375 0.3827614375 0.089460784375 0.3901143796875 0.089460784375 0.392565359375 0.0805759796875 0.40277777812500004 0.07659313749999999 0.40931372499999996
29 0.06801470625 0.384803921875 0.0643382359375 0.3827614375 0.062193628125 0.3864379078125 0.0603553921875 0.39460784375 0.05729166718749999 0.40236928125000004 0.046875 0.4203431375 0.0533088234375 0.4264705875 0.0579044125 0.41789215625000004 0.065257353125 0.40196078437500005 0.0713848046875 0.39297385625 0.06801470625 0.384803921875
57 0.3014705875 0.57883986875 0.292585784375 0.590686275 0.28982843125 0.6013071890624999 0.29136029375 0.6037581703125 0.299632353125 0.6041666671875 0.304227940625 0.6045751640625 0.3072916671875 0.59926470625 0.30851715625 0.59150326875 0.31004902031250003 0.5849673203125 0.305147059375 0.578431371875 0.3014705875 0.57883986875
6 0.16789215625 0.562908496875 0.160539215625 0.5408496734375 0.1556372546875 0.5416666671875 0.15379902031249998 0.545751634375 0.16176470625 0.5669934640625 0.16789215625 0.562908496875
6 0.21875 0.6217320265625 0.20220588281250002 0.6266339875 0.20159313750000002 0.6299019609375 0.20098039218750002 0.634803921875 0.202818628125 0.635620915625 0.2212009796875 0.6307189546874999 0.21875 0.6217320265625
6 0.3229166671875 0.8529411765624999 0.3131127453125 0.8709150328125 0.31801470625 0.87581699375 0.327818628125 0.85866013125 0.3229166671875 0.8529411765624999
6 0.33149509843749997 0.936274509375 0.3443627453125 0.955882353125 0.34926470625 0.9485294124999999 0.336397059375 0.9289215687500001 0.33149509843749997 0.936274509375
6 0.4834558828125 0.1004901953125 0.49754902031250003 0.11846405156249999 0.5 0.11356209218749999 0.4865196078125 0.09640522812499999 0.4834558828125 0.1004901953125
6 0.5067401953124999 0.0049019609375 0.51164215625 0.025326796875 0.5165441171875 0.0236928109375 0.51164215625 0.0032679734374999997 0.5067401953124999 0.0049019609375
6 0.63357843125 0.25245097968749997 0.6513480390625 0.25081699375 0.65073529375 0.2450980390625 0.63357843125 0.2450980390625 0.63357843125 0.25245097968749997