2 0.533991228125 0.30975 0.5328947375 0.2945 0.5115131578125001 0.28700000000000003 0.456688596875 0.29725 0.4599780703125 0.30375 0.4561403515625 0.3095 0.4610745609375 0.3305 0.4736842109375 0.3355 0.5224780703125 0.331 0.5334429828125 0.32525 0.533991228125 0.30975
6 0.6014254390625 0.37575 0.5734649125 0.3755 0.5751096484375 0.3785 0.6025219296875 0.3795 0.6014254390625 0.37575
6 0.399671053125 0.3095 0.3766447375 0.31525 0.38048245625 0.32 0.40570175468749997 0.314 0.399671053125 0.3095
6 0.5608552625 0.20175 0.526864034375 0.20325000000000001 0.526864034375 0.20875 0.5625 0.20675 0.5608552625 0.20175
39 0.539473684375 0.43475 0.5438596484375 0.44000000000000006 0.554276315625 0.4385 0.54769736875 0.4345 0.539473684375 0.43475
25 0.6370614031249999 0.5349999999999999 0.627741228125 0.534 0.6217105265625 0.5365 0.622258771875 0.5395 0.6299342109375 0.5415 0.6365131578125001 0.5415 0.642543859375 0.538 0.6370614031249999 0.5349999999999999
6 0.5997807015625 0.739 0.5921052625 0.73475 0.58826754375 0.737 0.5997807015625 0.739
6 0.58826754375 0.09325 0.58826754375 0.10874999999999999 0.596491228125 0.10800000000000001 0.5986842109375 0.09725 0.58826754375 0.09325
6 0.07894736875 0.12125 0.0674342109375 0.11775 0.0575657890625 0.13425 0.061951754687500006 0.13725 0.06853070156249999 0.133 0.07894736875 0.12125
6 0.2171052625 0.04325 0.2236842109375 0.05675 0.237938596875 0.05475 0.2264254390625 0.04025 0.2171052625 0.04325
6 0.84758771875 0.36924999999999997 0.8201754390625 0.37025 0.81962719375 0.37575 0.8470394734375001 0.373 0.84758771875 0.36924999999999997
57 0.6748903515625 0.61025 0.6639254390625 0.61075 0.6666666671875 0.619 0.6776315796875 0.619 0.6748903515625 0.61025
6 0.3470394734375 0.63075 0.33662280624999996 0.6365000000000001 0.33991228125 0.639 0.3514254390625 0.6325000000000001 0.3470394734375 0.63075
57 0.120614034375 0.18875 0.12335526249999999 0.20049999999999998 0.13980263125 0.199 0.13980263125 0.18875 0.120614034375 0.18875